0 3.14159
0.000244141 3.13983
0.000488281 3.13644
0.000732422 3.13013
0.000976562 3.12018
0.0012207 3.10671
0.00146484 3.09069
0.00170898 3.07381
0.00195312 3.05804
0.00219727 3.04504
0.00244141 3.03569
0.00268555 3.02984
0.00292969 3.02633
0.00317383 3.02321
0.00341797 3.01812
0.00366211 3.0088
0.00390625 2.99364
0.00415039 2.97234
0.00439453 2.94627
0.00463867 2.91834
0.00488281 2.89219
0.00512695 2.8709
0.00537109 2.85587
0.00561523 2.84637
0.00585938 2.83969
0.00610352 2.83167
0.00634766 2.81742
0.0065918 2.79235
0.00683594 2.75369
0.00708008 2.70229
0.00732422 2.64376
0.00756836 2.58709
0.0078125 2.54083
0.00805664 2.50948
0.00830078 2.49225
0.00854492 2.48408
0.00878906 2.47705
0.0090332 2.4613
0.00927734 2.42603
0.00952148 2.36185
0.00976562 2.26652
0.0100098 2.15229
0.0102539 2.04479
0.010498 1.96795
0.0107422 1.93131
0.0109863 1.93189
0.0112305 1.96179
0.0114746 2.01304
0.0117188 2.07928
0.0119629 2.15584
0.012207 2.23952
0.0124512 2.32827
0.0126953 2.42089
0.0129395 2.51682
0.0131836 2.61593
0.0134277 2.71834
0.0136719 2.82422
0.013916 2.93368
0.0141602 3.04662
0.0144043 -3.12047
0.0146484 -3.00186
0.0148926 -2.8817
0.0151367 -2.76125
0.0153809 -2.64215
0.015625 -2.52644
0.0158691 -2.41659
0.0161133 -2.31551
0.0163574 -2.22654
0.0166016 -2.15315
0.0168457 -2.09822
0.0170898 -2.06269
0.017334 -2.04389
0.0175781 -2.03446
0.0178223 -2.02383
0.0180664 -2.00188
0.0183105 -1.96231
0.0185547 -1.90348
0.0187988 -1.82717
0.019043 -1.7368
0.0192871 -1.63632
0.0195312 -1.52959
0.0197754 -1.42016
0.0200195 -1.31127
0.0202637 -1.2058
0.0205078 -1.10622
0.020752 -1.01446
0.0209961 -0.931584
0.0212402 -0.857509
0.0214844 -0.790754
0.0217285 -0.728517
0.0219727 -0.667189
0.0222168 -0.6032
0.0224609 -0.533836
0.0227051 -0.457694
0.0229492 -0.37468
0.0231934 -0.285706
0.0234375 -0.192288
0.0236816 -0.0961721
0.0239258 0.000955216
0.0241699 0.0976918
0.0244141 0.193087
0.0246582 0.286755
0.0249023 0.378911
0.0251465 0.470312
0.0253906 0.56208
0.0256348 0.65544
0.0258789 0.751441
0.026123 0.850713
0.0263672 0.953337
0.0266113 1.0588
0.0268555 1.166
0.0270996 1.27334
0.0273438 1.37876
0.0275879 1.47974
0.027832 1.57342
0.0280762 1.65665
0.0283203 1.72633
0.0285645 1.77997
0.0288086 1.81681
0.0290527 1.83901
0.0292969 1.85237
0.029541 1.86541
0.0297852 1.88667
0.0300293 1.9221
0.0302734 1.97406
0.0305176 2.04193
0.0307617 2.1234
0.0310059 2.21547
0.03125 2.31512
0.0314941 2.41951
0.0317383 2.52606
0.0319824 2.63245
0.0322266 2.73656
0.0324707 2.83645
0.0327148 2.93033
0.032959 3.01661
0.0332031 3.09404
0.0334473 -3.12133
0.0336914 -3.06315
0.0339355 -3.01371
0.0341797 -2.97107
0.0344238 -2.93244
0.034668 -2.89464
0.0349121 -2.85467
0.0351562 -2.81025
0.0354004 -2.76009
0.0356445 -2.70383
0.0358887 -2.64192
0.0361328 -2.57526
0.036377 -2.50504
0.0366211 -2.43252
0.0368652 -2.35887
0.0371094 -2.28512
0.0373535 -2.21209
0.0375977 -2.14029
0.0378418 -2.06997
0.0380859 -2.00107
0.0383301 -1.93333
0.0385742 -1.86632
0.0388184 -1.79962
0.0390625 -1.73289
0.0393066 -1.66605
0.0395508 -1.59929
0.0397949 -1.53317
0.0400391 -1.46854
0.0402832 -1.4065
0.0405273 -1.34827
0.0407715 -1.29493
0.0410156 -1.24722
0.0412598 -1.20521
0.0415039 -1.16799
0.041748 -1.13359
0.0419922 -1.09922
0.0422363 -1.06172
0.0424805 -1.01824
0.0427246 -0.966829
0.0429688 -0.906588
0.0432129 -0.837674
0.043457 -0.76104
0.0437012 -0.678176
0.0439453 -0.590896
0.0441895 -0.501192
0.0444336 -0.411167
0.0446777 -0.323008
0.0449219 -0.238987
0.045166 -0.161463
0.0454102 -0.0928446
0.0456543 -0.0354895
0.0458984 0.00855216
0.0461426 0.0379909
0.0463867 0.0529623
0.0466309 0.0557204
0.046875 0.0509268
0.0471191 0.0450569
0.0473633 0.0449284
0.0476074 0.0560841
0.0478516 0.0818879
0.0480957 0.123562
0.0483398 0.180775
0.048584 0.252299
0.0488281 0.336489
0.0490723 0.43156
0.0493164 0.535692
0.0495605 0.647058
0.0498047 0.763778
0.0500488 0.883847
0.050293 1.00502
0.0505371 1.12468
0.0507812 1.23958
0.0510254 1.34564
0.0512695 1.43762
0.0515137 1.50896
0.0517578 1.55236
0.052002 1.56213
0.0522461 1.53961
0.0524902 1.4991
0.0527344 1.46529
0.0529785 1.45982
0.0532227 1.49122
0.0534668 1.55689
0.0537109 1.64952
0.0539551 1.76121
0.0541992 1.88481
0.0544434 2.01387
0.0546875 2.14213
0.0549316 2.26278
0.0551758 2.36766
0.0554199 2.44655
0.0556641 2.48766
0.0559082 2.48202
0.0561523 2.43485
0.0563965 2.37549
0.0566406 2.3434
0.0568848 2.36035
0.0571289 2.42563
0.057373 2.52877
0.0576172 2.65873
0.0578613 2.80664
0.0581055 2.96585
0.0583496 3.13127
0.0585938 -2.98441
0.0588379 -2.81845
0.059082 -2.65755
0.0593262 -2.50533
0.0595703 -2.36574
0.0598145 -2.24305
0.0600586 -2.14146
0.0603027 -2.06413
0.0605469 -2.01118
0.060791 -1.97747
0.0610352 -1.95221
0.0612793 -1.92229
0.0615234 -1.87755
0.0617676 -1.8137
0.0620117 -1.73152
0.0622559 -1.63469
0.0625 -1.52785
0.0627441 -1.41575
0.0629883 -1.30291
0.0632324 -1.1936
0.0634766 -1.09197
0.0637207 -1.00198
0.0639648 -0.92721
0.064209 -0.870233
0.0644531 -0.831578
0.0646973 -0.808591
0.0649414 -0.79509
0.0651855 -0.78274
0.0654297 -0.763792
0.0656738 -0.733423
0.065918 -0.690323
0.0661621 -0.635843
0.0664062 -0.572739
0.0666504 -0.50418
0.0668945 -0.433135
0.0671387 -0.362031
0.0673828 -0.29254
0.067627 -0.225451
0.0678711 -0.16061
0.0681152 -0.0970079
0.0683594 -0.0330198
0.0686035 0.0332121
0.0688477 0.103357
0.0690918 0.178563
0.0693359 0.259288
0.0695801 0.345292
0.0698242 0.435745
0.0700684 0.529361
0.0703125 0.624535
0.0705566 0.719453
0.0708008 0.812187
0.0710449 0.9008
0.0712891 0.983489
0.0715332 1.05881
0.0717773 1.12597
0.0720215 1.18523
0.0722656 1.23813
0.0725098 1.28756
0.0727539 1.33728
0.072998 1.39113
0.0732422 1.4522
0.0734863 1.52232
0.0737305 1.60193
0.0739746 1.69035
0.0742188 1.78613
0.0744629 1.88734
0.074707 1.99175
0.0749512 2.09701
0.0751953 2.20065
0.0754395 2.30015
0.0756836 2.39302
0.0759277 2.47692
0.0761719 2.55006
0.076416 2.61162
0.0766602 2.66235
0.0769043 2.70502
0.0771484 2.74411
0.0773926 2.78489
0.0776367 2.83197
0.0778809 2.88818
0.078125 2.95423
0.0783691 3.02901
0.0786133 3.11013
0.0788574 -3.08881
0.0791016 -3.00512
0.0793457 -2.92599
0.0795898 -2.85549
0.079834 -2.79741
0.0800781 -2.75442
0.0803223 -2.72679
0.0805664 -2.71108
0.0808105 -2.69987
0.0810547 -2.68365
0.0812988 -2.65413
0.081543 -2.60658
0.0817871 -2.54013
0.0820312 -2.4565
0.0822754 -2.35865
0.0825195 -2.24986
0.0827637 -2.1333
0.0830078 -2.01184
0.083252 -1.88811
0.0834961 -1.76455
0.0837402 -1.64351
0.0839844 -1.52737
0.0842285 -1.41857
0.0844727 -1.31973
0.0847168 -1.23354
0.0849609 -1.16265
0.0852051 -1.10912
0.0854492 -1.07364
0.0856934 -1.05445
0.0859375 -1.04662
0.0861816 -1.04248
0.0864258 -1.03359
0.0866699 -1.01322
0.0869141 -0.977655
0.0871582 -0.926121
0.0874023 -0.85976
0.0876465 -0.780661
0.0878906 -0.691202
0.0881348 -0.593715
0.0883789 -0.490374
0.088623 -0.38319
0.0888672 -0.274045
0.0891113 -0.164737
0.0893555 -0.0570109
0.0895996 0.0474484
0.0898438 0.147068
0.0900879 0.240505
0.090332 0.326847
0.0905762 0.405875
0.0908203 0.478319
0.0910645 0.545995
0.0913086 0.611661
0.0915527 0.678546
0.0917969 0.749678
0.092041 0.827273
0.0922852 0.912402
0.0925293 1.00497
0.0927734 1.10391
0.0930176 1.20739
0.0932617 1.31307
0.0935059 1.41813
0.09375 1.51943
0.0939941 1.61346
0.0942383 1.69652
0.0944824 1.76507
0.0947266 1.81655
0.0949707 1.85065
0.0952148 1.87079
0.095459 1.88443
0.0957031 1.90124
0.0959473 1.92964
0.0961914 1.97429
0.0964355 2.03584
0.0966797 2.11214
0.0969238 2.19972
0.097168 2.29479
0.0974121 2.3937
0.0976562 2.49327
0.0979004 2.59089
0.0981445 2.68465
0.0983887 2.77354
0.0986328 2.85758
0.098877 2.93785
0.0991211 3.0163
0.0993652 3.09526
0.0996094 -3.10629
0.0998535 -3.02052
0.100098 -2.93016
0.100342 -2.83576
0.100586 -2.73875
0.10083 -2.64118
0.101074 -2.54551
0.101318 -2.45433
0.101562 -2.37009
0.101807 -2.29472
0.102051 -2.22914
0.102295 -2.1728
0.102539 -2.1234
0.102783 -2.07714
0.103027 -2.02959
0.103271 -1.97675
0.103516 -1.9159
0.10376 -1.8458
0.104004 -1.7664
0.104248 -1.67835
0.104492 -1.58254
0.104736 -1.47986
0.10498 -1.37101
0.105225 -1.25654
0.105469 -1.1369
0.105713 -1.01257
0.105957 -0.884139
0.106201 -0.752479
0.106445 -0.618802
0.106689 -0.484805
0.106934 -0.352827
0.107178 -0.226093
0.107422 -0.109062
0.107666 -0.0079199
0.10791 0.0689551
0.108154 0.111268
0.108398 0.109923
0.108643 0.0660134
0.108887 0.00170718
0.109131 -0.0459344
0.109375 -0.0502024
0.109619 -0.00632082
0.109863 0.0776597
0.110107 0.191058
0.110352 0.32464
0.110596 0.471165
0.11084 0.624843
0.111084 0.780623
0.111328 0.933493
0.111572 1.07774
0.111816 1.20606
0.112061 1.3086
0.112305 1.37243
0.112549 1.3842
0.112793 1.34153
0.113037 1.27096
0.113281 1.22195
0.113525 1.2282
0.11377 1.29243
0.114014 1.40259
0.114258 1.54567
0.114502 1.71173
0.114746 1.89386
0.11499 2.08726
0.115234 2.28853
0.115479 2.49509
0.115723 2.70487
0.115967 2.91604
0.116211 3.12682
0.116455 -2.94787
0.116699 -2.74384
0.116943 -2.54692
0.117188 -2.36049
0.117432 -2.18894
0.117676 -2.03802
0.11792 -1.91499
0.118164 -1.828
0.118408 -1.78319
0.118652 -1.77813
0.118896 -1.79515
0.119141 -1.80578
0.119385 -1.78709
0.119629 -1.73134
0.119873 -1.64171
0.120117 -1.52495
0.120361 -1.38744
0.120605 -1.23411
0.12085 -1.06853
0.121094 -0.893253
0.121338 -0.710123
0.121582 -0.520545
0.121826 -0.32563
0.12207 -0.126308
0.122314 0.0766053
0.122559 0.282357
0.122803 0.490211
0.123047 0.699414
0.123291 0.909144
0.123535 1.11845
0.123779 1.32617
0.124023 1.53078
0.124268 1.73018
0.124512 1.92136
0.124756 2.09979
0.125 2.25849
0.125244 2.38659
0.125488 2.46832
0.125732 2.48623
0.125977 2.43942
0.126221 2.37181
0.126465 2.3516
0.126709 2.41062
0.126953 2.54168
0.127197 2.72779
0.127441 2.95541
0.127686 -3.06761
0.12793 -2.78111
0.128174 -2.47376
0.128418 -2.15168
0.128662 -1.8223
0.128906 -1.49387
0.12915 -1.17419
0.129395 -0.869425
0.129639 -0.583593
0.129883 -0.318798
0.130127 -0.0758052
0.130371 0.145497
0.130615 0.345941
0.130859 0.52723
0.131104 0.692241
0.131348 0.845214
0.131592 0.991515
0.131836 1.13689
0.13208 1.28648
0.132324 1.44405
0.132568 1.61175
0.132812 1.79034
0.133057 1.97963
0.133301 2.17891
0.133545 2.38727
0.133789 2.6038
0.134033 2.82769
0.134277 3.05827
0.134521 -2.98811
0.134766 -2.74537
0.13501 -2.4968
0.135254 -2.24229
0.135498 -1.98146
0.135742 -1.71365
0.135986 -1.43778
0.13623 -1.15225
0.136475 -0.854715
0.136719 -0.541798
0.136963 -0.208825
0.137207 0.150265
0.137451 0.542078
0.137695 0.970561
0.137939 1.43052
0.138184 1.90227
0.138428 2.3578
0.138672 2.77626
0.138916 -3.13183
0.13916 -2.7966
0.139404 -2.49452
0.139648 -2.21908
0.139893 -1.96491
0.140137 -1.72769
0.140381 -1.50388
0.140625 -1.29047
0.140869 -1.08492
0.141113 -0.885075
0.141357 -0.689221
0.141602 -0.496055
0.141846 -0.304682
0.14209 -0.114543
0.142334 0.074671
0.142578 0.263131
0.142822 0.450991
0.143066 0.638509
0.143311 0.826157
0.143555 1.01472
0.143799 1.20535
0.144043 1.39961
0.144287 1.59939
0.144531 1.80685
0.144775 2.02427
0.14502 2.25389
0.145264 2.4977
0.145508 2.75721
0.145752 3.0332
0.145996 -2.9578
0.14624 -2.65111
0.146484 -2.33305
0.146729 -2.00796
0.146973 -1.6807
0.147217 -1.35575
0.147461 -1.03653
0.147705 -0.725133
0.147949 -0.422472
0.148193 -0.12862
0.148438 0.156828
0.148682 0.434465
0.148926 0.70488
0.14917 0.968542
0.149414 1.22573
0.149658 1.47652
0.149902 1.72071
0.150146 1.95786
0.150391 2.18726
0.150635 2.40796
0.150879 2.61888
0.151123 2.81898
0.151367 3.00764
0.151611 -3.09796
0.151855 -2.92956
0.1521 -2.76653
0.152344 -2.60353
0.152588 -2.43483
0.152832 -2.25587
0.153076 -2.06419
0.15332 -1.85965
0.153564 -1.64388
0.153809 -1.41962
0.154053 -1.19013
0.154297 -0.958829
0.154541 -0.729185
0.154785 -0.504708
0.155029 -0.289142
0.155273 -0.0867397
0.155518 0.0974019
0.155762 0.257095
0.156006 0.385364
0.15625 0.47634
0.156494 0.530045
0.156738 0.558619
0.156982 0.586014
0.157227 0.635983
0.157471 0.720321
0.157715 0.838894
0.157959 0.985921
0.158203 1.15469
0.158447 1.33942
0.158691 1.53552
0.158936 1.73935
0.15918 1.94775
0.159424 2.15743
0.159668 2.3639
0.159912 2.55878
0.160156 2.72055
0.1604 2.76677
0.160645 2.16929
0.160889 1.17841
0.161133 1.14598
0.161377 1.31251
0.161621 1.54002
0.161865 1.80145
0.162109 2.09222
0.162354 2.41679
0.162598 2.78609
0.162842 -3.06814
0.163086 -2.57158
0.16333 -2.03093
0.163574 -1.50504
0.163818 -1.03976
0.164062 -0.64055
0.164307 -0.292997
0.164551 0.0182576
0.164795 0.304485
0.165039 0.573277
0.165283 0.829773
0.165527 1.07761
0.165771 1.31957
0.166016 1.55791
0.16626 1.79466
0.166504 2.03172
0.166748 2.27096
0.166992 2.51422
0.167236 2.7633
0.16748 3.0199
0.167725 -2.99766
0.167969 -2.72187
0.168213 -2.43531
0.168457 -2.13815
0.168701 -1.8315
0.168945 -1.51749
0.169189 -1.19902
0.169434 -0.879419
0.169678 -0.561887
0.169922 -0.249029
0.170166 0.0573607
0.17041 0.356298
0.170654 0.647437
0.170898 0.930846
0.171143 1.20679
0.171387 1.47555
0.171631 1.73733
0.171875 1.99211
0.172119 2.23964
0.172363 2.47933
0.172607 2.71025
0.172852 2.9312
0.173096 3.14092
0.17334 -2.94456
0.173584 -2.75804
0.173828 -2.57884
0.174072 -2.39917
0.174316 -2.20844
0.174561 -1.9969
0.174805 -1.7596
0.175049 -1.49779
0.175293 -1.21731
0.175537 -0.925635
0.175781 -0.629475
0.176025 -0.333552
0.17627 -0.04054
0.176514 0.248453
0.176758 0.533312
0.177002 0.814453
0.177246 1.09254
0.17749 1.36832
0.177734 1.64253
0.177979 1.91587
0.178223 2.18897
0.178467 2.46237
0.178711 2.73651
0.178955 3.01168
0.179199 -2.99524
0.179443 -2.7181
0.179688 -2.4407
0.179932 -2.1641
0.180176 -1.88989
0.18042 -1.62015
0.180664 -1.35735
0.180908 -1.10413
0.181152 -0.863076
0.181396 -0.636372
0.181641 -0.425553
0.181885 -0.231215
0.182129 -0.0527942
0.182373 0.111591
0.182617 0.265099
0.182861 0.411863
0.183105 0.556431
0.18335 0.703114
0.183594 0.855471
0.183838 1.01608
0.184082 1.18662
0.184326 1.36803
0.18457 1.56081
0.184814 1.7652
0.185059 1.98133
0.185303 2.20925
0.185547 2.449
0.185791 2.70049
0.186035 2.96345
0.186279 -3.04591
0.186523 -2.76224
0.186768 -2.47024
0.187012 -2.17191
0.187256 -1.86959
0.1875 -1.56568
0.187744 -1.26236
0.187988 -0.961344
0.188232 -0.663737
0.188477 -0.370006
0.188721 -0.0800476
0.188965 0.206715
0.189209 0.491238
0.189453 0.774785
0.189697 1.0589
0.189941 1.34539
0.190186 1.63635
0.19043 1.93415
0.190674 2.24136
0.190918 2.56055
0.191162 2.89376
0.191406 -3.04158
0.19165 -2.68105
0.191895 -2.3132
0.192139 -1.94627
0.192383 -1.58927
0.192627 -1.24948
0.192871 -0.931099
0.193115 -0.635705
0.193359 -0.363433
0.193604 -0.114325
0.193848 0.110578
0.194092 0.308197
0.194336 0.472184
0.19458 0.591443
0.194824 0.649746
0.195068 0.632625
0.195312 0.551964
0.195557 0.466041
0.195801 0.436024
0.196045 0.477349
0.196289 0.576062
0.196533 0.71486
0.196777 0.881155
0.197021 1.06698
0.197266 1.26757
0.19751 1.48029
0.197754 1.70407
0.197998 1.93907
0.198242 2.18682
0.198486 2.45055
0.19873 2.73593
0.198975 3.05243
0.199219 -2.86843
0.199463 -2.4414
0.199707 -1.93992
0.199951 -1.39486
0.200195 -0.877046
0.200439 -0.432423
0.200684 -0.0593633
0.200928 0.260775
0.201172 0.544455
0.201416 0.802769
0.20166 1.04274
0.201904 1.26881
0.202148 1.48389
0.202393 1.68994
0.202637 1.88841
0.202881 2.0805
0.203125 2.2673
0.203369 2.44996
0.203613 2.62982
0.203857 2.80853
0.204102 2.98812
0.204346 -3.11199
0.20459 -2.92208
0.204834 -2.72101
0.205078 -2.50304
0.205322 -2.26071
0.205566 -1.9848
0.205811 -1.66619
0.206055 -1.30185
0.206299 -0.904712
0.206543 -0.505339
0.206787 -0.134174
0.207031 0.195947
0.207275 0.48791
0.20752 0.750461
0.207764 0.992241
0.208008 1.22004
0.208252 1.43883
0.208496 1.65213
0.20874 1.86252
0.208984 2.07184
0.209229 2.2815
0.209473 2.4926
0.209717 2.70606
0.209961 2.92275
0.210205 -3.13963
0.210449 -2.9136
0.210693 -2.68081
0.210938 -2.43888
0.211182 -2.18362
0.211426 -1.90677
0.21167 -1.58928
0.211914 -1.17671
0.212158 -0.475199
0.212402 0.747761
0.212646 1.58396
0.212891 2.06084
0.213135 2.43303
0.213379 2.77496
0.213623 3.11451
0.213867 -2.81564
0.214111 -2.43655
0.214355 -2.02091
0.2146 -1.56486
0.214844 -1.07975
0.215088 -0.593913
0.215332 -0.136723
0.215576 0.278384
0.21582 0.65335
0.216064 0.996427
0.216309 1.31622
0.216553 1.61982
0.216797 1.9127
0.217041 2.19926
0.217285 2.48326
0.217529 2.76839
0.217773 3.05881
0.218018 -2.92323
0.218262 -2.60342
0.218506 -2.25245
0.21875 -1.85037
0.218994 -1.36965
0.219238 -0.795034
0.219482 -0.176111
0.219727 0.387818
0.219971 0.855811
0.220215 1.24641
0.220459 1.58641
0.220703 1.89443
0.220947 2.18179
0.221191 2.45531
0.221436 2.71913
0.22168 2.97584
0.221924 -3.05618
0.222168 -2.80976
0.222412 -2.56789
0.222656 -2.33113
0.2229 -2.10113
0.223145 -1.88146
0.223389 -1.68
0.223633 -1.51577
0.223877 -1.44384
0.224121 -1.65392
0.224365 -2.33713
0.224609 -2.64529
0.224854 -2.59771
0.225098 -2.43117
0.225342 -2.21576
0.225586 -1.97473
0.22583 -1.71758
0.226074 -1.44882
0.226318 -1.17098
0.226562 -0.88573
0.226807 -0.594486
0.227051 -0.298686
0.227295 2.96337e-05
0.227539 0.299751
0.227783 0.598312
0.228027 0.893361
0.228271 1.18246
0.228516 1.4632
0.22876 1.7332
0.229004 1.99016
0.229248 2.23175
0.229492 2.45558
0.229736 2.65912
0.22998 2.83974
0.230225 2.99476
0.230469 3.12135
0.230713 -3.06813
0.230957 -3.01943
0.231201 -3.06036
0.231445 2.90339
0.231689 2.02087
0.231934 1.5753
0.232178 1.53176
0.232422 1.61602
0.232666 1.7548
0.23291 1.92355
0.233154 2.1114
0.233398 2.31246
0.233643 2.52306
0.233887 2.74065
0.234131 2.96328
0.234375 -3.09395
0.234619 -2.86642
0.234863 -2.63948
0.235107 -2.4164
0.235352 -2.20327
0.235596 -2.014
0.23584 -1.89002
0.236084 -2.0126
0.236328 -2.93843
0.236572 2.91887
0.236816 2.98624
0.237061 -3.11206
0.237305 -2.88461
0.237549 -2.63568
0.237793 -2.37301
0.238037 -2.0997
0.238281 -1.81676
0.238525 -1.52396
0.23877 -1.22008
0.239014 -0.902835
0.239258 -0.568578
0.239502 -0.211935
0.239746 0.174502
0.23999 0.599452
0.240234 1.06902
0.240479 1.57753
0.240723 2.09944
0.240967 2.59927
0.241211 3.05411
0.241455 -2.82277
0.241699 -2.45834
0.241943 -2.12739
0.242188 -1.82304
0.242432 -1.54038
0.242676 -1.27602
0.24292 -1.02759
0.243164 -0.79333
0.243408 -0.571788
0.243652 -0.361595
0.243896 -0.161376
0.244141 0.0302869
0.244385 0.214794
0.244629 0.393418
0.244873 0.567161
0.245117 0.736625
0.245361 0.901911
0.245605 1.06257
0.24585 1.21761
0.246094 1.36554
0.246338 1.50451
0.246582 1.63261
0.246826 1.74831
0.24707 1.85129
0.247314 1.94329
0.247559 2.02871
0.247803 2.11421
0.248047 2.20719
0.248291 2.31383
0.248535 2.43791
0.248779 2.58092
0.249023 2.74289
0.249268 2.92347
0.249512 3.12312
0.249756 -2.93854
0.25 -2.68639
0.250244 -2.37736
0.250488 -1.91554
0.250732 -0.913364
0.250977 0.290872
0.251221 0.847418
0.251465 1.19838
0.251709 1.48601
0.251953 1.74713
0.252197 1.99428
0.252441 2.23237
0.252686 2.46323
0.25293 2.687
0.253174 2.90251
0.253418 3.10718
0.253662 -2.98691
0.253906 -2.82185
0.25415 -2.69628
0.254395 -2.63834
0.254639 -2.69131
0.254883 -2.87165
0.255127 -3.06815
0.255371 3.13635
0.255615 -3.10617
0.255859 -2.99029
0.256104 -2.83057
0.256348 -2.64447
0.256592 -2.44161
0.256836 -2.22749
0.25708 -2.00535
0.257324 -1.77707
0.257568 -1.54366
0.257812 -1.3053
0.258057 -1.06122
0.258301 -0.809129
0.258545 -0.543746
0.258789 -0.253253
0.259033 0.0891937
0.259277 0.540358
0.259521 1.15531
0.259766 1.77569
0.26001 2.17281
0.260254 2.38324
0.260498 2.50932
0.260742 2.62161
0.260986 2.75395
0.26123 2.91488
0.261475 3.10198
0.261719 -2.97283
0.261963 -2.74747
0.262207 -2.50822
0.262451 -2.25703
0.262695 -1.99493
0.262939 -1.7222
0.263184 -1.43846
0.263428 -1.14272
0.263672 -0.833395
0.263916 -0.50829
0.26416 -0.164727
0.264404 0.200136
0.264648 0.58855
0.264893 1.00087
0.265137 1.43409
0.265381 1.88136
0.265625 2.334
0.265869 2.78552
0.266113 -3.04789
0.266357 -2.59244
0.266602 -2.1143
0.266846 -1.58445
0.26709 -0.967313
0.267334 -0.266131
0.267578 0.4199
0.267822 0.997663
0.268066 1.46887
0.268311 1.86775
0.268555 2.22072
0.268799 2.54368
0.269043 2.8459
0.269287 3.13292
0.269531 -2.87506
0.269775 -2.60958
0.27002 -2.35263
0.270264 -2.10364
0.270508 -1.86264
0.270752 -1.63029
0.270996 -1.40814
0.27124 -1.19916
0.271484 -1.00903
0.271729 -0.849127
0.271973 -0.744489
0.272217 -0.755283
0.272461 -1.00514
0.272705 -1.45419
0.272949 -1.69655
0.273193 -1.71249
0.273438 -1.62382
0.273682 -1.48861
0.273926 -1.33143
0.27417 -1.164
0.274414 -0.992765
0.274658 -0.821884
0.274902 -0.65451
0.275146 -0.493437
0.275391 -0.34146
0.275635 -0.201549
0.275879 -0.0768413
0.276123 0.0296929
0.276367 0.116094
0.276611 0.182875
0.276855 0.234607
0.2771 0.280268
0.277344 0.33105
0.277588 0.396566
0.277832 0.482249
0.278076 0.58933
0.27832 0.716345
0.278564 0.860707
0.278809 1.01969
0.279053 1.19092
0.279297 1.37247
0.279541 1.56296
0.279785 1.76147
0.280029 1.96758
0.280273 2.18138
0.280518 2.40358
0.280762 2.63573
0.281006 2.88065
0.28125 -3.13992
0.281494 -2.85115
0.281738 -2.52157
0.281982 -2.12709
0.282227 -1.63792
0.282471 -1.05611
0.282715 -0.468854
0.282959 0.0298426
0.283203 0.431199
0.283447 0.764586
0.283691 1.05535
0.283936 1.31931
0.28418 1.56588
0.284424 1.80085
0.284668 2.02797
0.284912 2.24988
0.285156 2.4686
0.2854 2.68586
0.285645 2.90336
0.285889 3.12304
0.286133 -2.93582
0.286377 -2.70327
0.286621 -2.45678
0.286865 -2.18637
0.287109 -1.87311
0.287354 -1.47934
0.287598 -0.940664
0.287842 -0.241121
0.288086 0.425006
0.28833 0.917432
0.288574 1.28351
0.288818 1.58142
0.289062 1.84241
0.289307 2.08218
0.289551 2.30904
0.289795 2.52769
0.290039 2.74093
0.290283 2.95047
0.290527 -3.12582
0.290771 -2.921
0.291016 -2.71804
0.29126 -2.51708
0.291504 -2.31861
0.291748 -2.12361
0.291992 -1.93372
0.292236 -1.7516
0.29248 -1.5817
0.292725 -1.43163
0.292969 -1.31506
0.293213 -1.25698
0.293457 -1.29888
0.293701 -1.47336
0.293945 -1.70062
0.294189 -1.82692
0.294434 -1.82422
0.294678 -1.7363
0.294922 -1.5991
0.295166 -1.43313
0.29541 -1.24985
0.295654 -1.05604
0.295898 -0.856026
0.296143 -0.652891
0.296387 -0.449044
0.296631 -0.246609
0.296875 -0.0476782
0.297119 0.145493
0.297363 0.330302
0.297607 0.503627
0.297852 0.661718
0.298096 0.800262
0.29834 0.914955
0.298584 1.00303
0.298828 1.06601
0.299072 1.11234
0.299316 1.15669
0.299561 1.2142
0.299805 1.29429
0.300049 1.39891
0.300293 1.52465
0.300537 1.66485
0.300781 1.80897
0.301025 1.93331
0.30127 1.92691
0.301514 0.449715
0.301758 -0.138898
0.302002 -0.0452392
0.302246 0.128466
0.30249 0.327805
0.302734 0.539418
0.302979 0.758339
0.303223 0.982299
0.303467 1.21019
0.303711 1.44158
0.303955 1.67664
0.304199 1.9164
0.304443 2.16369
0.304688 2.42665
0.304932 2.73681
0.305176 -2.9023
0.30542 -0.569825
0.305664 -0.083102
0.305908 0.209803
0.306152 0.466149
0.306396 0.708672
0.306641 0.943762
0.306885 1.1737
0.307129 1.39927
0.307373 1.62056
0.307617 1.83723
0.307861 2.04855
0.308105 2.25343
0.30835 2.45033
0.308594 2.63714
0.308838 2.81108
0.309082 2.96854
0.309326 3.10519
0.30957 -3.06656
0.309814 -2.98298
0.310059 -2.92478
0.310303 -2.8812
0.310547 -2.83441
0.310791 -2.76672
0.311035 -2.66729
0.311279 -2.5327
0.311523 -2.3632
0.311768 -2.15871
0.312012 -1.91568
0.312256 -1.62372
0.3125 -1.261
0.312744 -0.792945
0.312988 -0.204707
0.313232 0.416472
0.313477 0.94401
0.313721 1.35805
0.313965 1.69366
0.314209 1.98018
0.314453 2.23433
0.314697 2.46475
0.314941 2.67547
0.315186 2.86788
0.31543 3.04163
0.315674 -3.08774
0.315918 -2.95534
0.316162 -2.84485
0.316406 -2.75408
0.31665 -2.67672
0.316895 -2.60255
0.317139 -2.52009
0.317383 -2.4202
0.317627 -2.29802
0.317871 -2.1525
0.318115 -1.98486
0.318359 -1.79727
0.318604 -1.59208
0.318848 -1.37161
0.319092 -1.13808
0.319336 -0.89376
0.31958 -0.640968
0.319824 -0.382039
0.320068 -0.119192
0.320312 0.14564
0.320557 0.410955
0.320801 0.675756
0.321045 0.939553
0.321289 1.20231
0.321533 1.46439
0.321777 1.72652
0.322021 1.98986
0.322266 2.25619
0.32251 2.52851
0.322754 2.81251
0.322998 3.1211
0.323242 -2.79129
0.323486 -2.19829
0.32373 -0.803365
0.323975 0.206918
0.324219 0.670148
0.324463 1.00858
0.324707 1.30601
0.324951 1.58573
0.325195 1.85664
0.325439 2.12296
0.325684 2.38699
0.325928 2.65028
0.326172 2.91403
0.326416 -3.10379
0.32666 -2.83544
0.326904 -2.56218
0.327148 -2.28096
0.327393 -1.98626
0.327637 -1.66684
0.327881 -1.29581
0.328125 -0.795927
0.328369 0.0515348
0.328613 1.1534
0.328857 1.84187
0.329102 2.28107
0.329346 2.63002
0.32959 2.9405
0.329834 -3.05145
0.330078 -2.77091
0.330322 -2.49674
0.330566 -2.22653
0.330811 -1.95884
0.331055 -1.69289
0.331299 -1.42848
0.331543 -1.16652
0.331787 -0.911714
0.332031 -0.694245
0.332275 -2.90241
0.33252 -3.08945
0.332764 -2.83617
0.333008 -2.55081
0.333252 -2.24724
0.333496 -1.92536
0.33374 -1.58159
0.333984 -1.21087
0.334229 -0.808698
0.334473 -0.374856
0.334717 0.0815775
0.334961 0.541293
0.335205 0.982701
0.335449 1.39226
0.335693 1.76691
0.335938 2.10981
0.336182 2.42587
0.336426 2.71927
0.33667 2.9926
0.336914 -3.0368
0.337158 -2.8048
0.337402 -2.60129
0.337646 -2.44182
0.337891 -2.3612
0.338135 -2.43081
0.338379 -2.70592
0.338623 -2.98158
0.338867 -3.05274
0.339111 -2.97435
0.339355 -2.81713
0.3396 -2.61469
0.339844 -2.38038
0.340088 -2.11688
0.340332 -1.81875
0.340576 -1.4707
0.34082 -1.04345
0.341064 -0.499911
0.341309 0.143211
0.341553 0.756243
0.341797 1.24792
0.342041 1.63487
0.342285 1.95432
0.342529 2.23015
0.342773 2.47443
0.343018 2.69175
0.343262 2.88126
0.343506 3.03674
0.34375 -3.13813
0.343994 -3.09838
0.344238 3.1342
0.344482 3.00828
0.344727 2.88937
0.344971 2.85087
0.345215 2.89778
0.345459 3.00642
0.345703 -3.12718
0.345947 -2.94954
0.346191 -2.75084
0.346436 -2.53391
0.34668 -2.29803
0.346924 -2.03793
0.347168 -1.7399
0.347412 -1.37032
0.347656 -0.845387
0.3479 -0.0399227
0.348145 0.815153
0.348389 1.39176
0.348633 1.78956
0.348877 2.10765
0.349121 2.38726
0.349365 2.64593
0.349609 2.89198
0.349854 3.12977
0.350098 -2.92149
0.350342 -2.69401
0.350586 -2.47017
0.35083 -2.24952
0.351074 -2.03189
0.351318 -1.81734
0.351562 -1.60619
0.351807 -1.39912
0.352051 -1.19746
0.352295 -1.00403
0.352539 -0.825695
0.352783 -0.685691
0.353027 -0.741345
0.353271 -2.64389
0.353516 -2.86544
0.35376 -2.75511
0.354004 -2.60156
0.354248 -2.43665
0.354492 -2.2685
0.354736 -2.09951
0.35498 -1.92982
0.355225 -1.75816
0.355469 -1.58233
0.355713 -1.39952
0.355957 -1.20668
0.356201 -1.00112
0.356445 -0.780877
0.356689 -0.545185
0.356934 -0.294658
0.357178 -0.0312823
0.357422 0.241855
0.357666 0.521084
0.35791 0.802768
0.358154 1.08383
0.358398 1.36204
0.358643 1.63605
0.358887 1.90524
0.359131 2.16951
0.359375 2.42906
0.359619 2.68425
0.359863 2.93549
0.360107 -3.10006
0.360352 -2.85577
0.360596 -2.61469
0.36084 -2.37688
0.361084 -2.14267
0.361328 -1.91284
0.361572 -1.689
0.361816 -1.47441
0.362061 -1.27642
0.362305 -1.11462
0.362549 -1.06018
0.362793 -1.52199
0.363037 -2.57385
0.363281 -2.69677
0.363525 -2.57998
0.36377 -2.40197
0.364014 -2.20094
0.364258 -1.98953
0.364502 -1.7734
0.364746 -1.55576
0.36499 -1.33903
0.365234 -1.12564
0.365479 -0.918705
0.365723 -0.722976
0.365967 -0.546651
0.366211 -0.405383
0.366455 -0.331469
0.366699 -0.389497
0.366943 -0.641913
0.367188 -0.930221
0.367432 -1.0311
0.367676 -0.974745
0.36792 -0.834425
0.368164 -0.649299
0.368408 -0.438291
0.368652 -0.211337
0.368896 0.0255667
0.369141 0.268066
0.369385 0.512299
0.369629 0.754279
0.369873 0.989626
0.370117 1.21365
0.370361 1.42189
0.370605 1.61116
0.37085 1.78085
0.371094 1.93402
0.371338 2.07697
0.371582 2.21722
0.371826 2.36087
0.37207 2.51094
0.372314 2.66739
0.372559 2.82795
0.372803 2.9889
0.373047 -3.1377
0.373291 -2.99143
0.373535 -2.86287
0.373779 -2.76128
0.374023 -2.69688
0.374268 -2.67654
0.374512 -2.69398
0.374756 -2.72238
0.375 -2.72666
0.375244 -2.68638
0.375488 -2.60047
0.375732 -2.47709
0.375977 -2.32548
0.376221 -2.15301
0.376465 -1.96493
0.376709 -1.76471
0.376953 -1.5544
0.377197 -1.33476
0.377441 -1.10503
0.377686 -0.861854
0.37793 -0.595937
0.378174 -0.279551
0.378418 0.198383
0.378662 1.37277
0.378906 2.57281
0.37915 3.05565
0.379395 -2.91481
0.379639 -2.6566
0.379883 -2.42483
0.380127 -2.2109
0.380371 -2.01305
0.380615 -1.83369
0.380859 -1.6801
0.381104 -1.56901
0.381348 -1.54071
0.381592 -1.6963
0.381836 -2.15998
0.38208 -2.59972
0.382324 -2.74941
0.382568 -2.74857
0.382812 -2.68937
0.383057 -2.60918
0.383301 -2.5246
0.383545 -2.44379
0.383789 -2.37056
0.384033 -2.30596
0.384277 -2.24917
0.384521 -2.19854
0.384766 -2.15289
0.38501 -2.11295
0.385254 -2.08265
0.385498 -2.07016
0.385742 -2.08858
0.385986 -2.15432
0.38623 -2.27703
0.386475 -2.43762
0.386719 -2.58413
0.386963 -2.67427
0.387207 -2.70286
0.387451 -2.6851
0.387695 -2.63854
0.387939 -2.57773
0.388184 -2.51457
0.388428 -2.45953
0.388672 -2.42246
0.388916 -2.4121
0.38916 -2.43324
0.389404 -2.4816
0.389648 -2.54112
0.389893 -2.59053
0.390137 -2.61558
0.390381 -2.61413
0.390625 -2.59262
0.390869 -2.56115
0.391113 -2.53076
0.391357 -2.51249
0.391602 -2.51626
0.391846 -2.548
0.39209 -2.60466
0.392334 -2.67121
0.392578 -2.72675
0.392822 -2.75658
0.393066 -2.7579
0.393311 -2.73648
0.393555 -2.70165
0.393799 -2.66351
0.394043 -2.63196
0.394287 -2.6161
0.394531 -2.62288
0.394775 -2.654
0.39502 -2.70245
0.395264 -2.75306
0.395508 -2.78973
0.395752 -2.8036
0.395996 -2.79489
0.39624 -2.76967
0.396484 -2.73649
0.396729 -2.7045
0.396973 -2.6826
0.397217 -2.67845
0.397461 -2.6964
0.397705 -2.73436
0.397949 -2.78205
0.398193 -2.82442
0.398438 -2.84929
0.398682 -2.85229
0.398926 -2.83623
0.39917 -2.8079
0.399414 -2.77556
0.399658 -2.74769
0.399902 -2.73218
0.400146 -2.73507
0.400391 -2.75828
0.400635 -2.79706
0.400879 -2.84006
0.401123 -2.87402
0.401367 -2.89015
0.401611 -2.8868
0.401855 -2.86791
0.4021 -2.84025
0.402344 -2.81161
0.402588 -2.78965
0.402832 -2.78103
0.403076 -2.78989
0.40332 -2.81571
0.403564 -2.85195
0.403809 -2.88759
0.404053 -2.91209
0.404297 -2.91988
0.404541 -2.91131
0.404785 -2.89089
0.405029 -2.86518
0.405273 -2.84131
0.405518 -2.82604
0.405762 -2.82459
0.406006 -2.83909
0.40625 -2.86681
0.406494 -2.89999
0.406738 -2.92855
0.406982 -2.94461
0.407227 -2.94524
0.407471 -2.93231
0.407715 -2.91077
0.407959 -2.88695
0.408203 -2.86739
0.408447 -2.85789
0.408691 -2.86228
0.408936 -2.88082
0.40918 -2.90911
0.409424 -2.93892
0.409668 -2.96146
0.409912 -2.97104
0.410156 -2.96664
0.4104 -2.95114
0.410645 -2.92968
0.410889 -2.90829
0.411133 -2.89289
0.411377 -2.88829
0.411621 -2.8969
0.411865 -2.91745
0.412109 -2.94447
0.412354 -2.97001
0.412598 -2.9868
0.412842 -2.9911
0.413086 -2.98323
0.41333 -2.96665
0.413574 -2.94647
0.413818 -2.92833
0.414062 -2.91741
0.414307 -2.91742
0.414551 -2.92938
0.414795 -2.95067
0.415039 -2.9753
0.415283 -2.99603
0.415527 -3.00728
0.415771 -3.00692
0.416016 -2.99636
0.41626 -2.9794
0.416504 -2.96102
0.416748 -2.94639
0.416992 -2.93988
0.417236 -2.94408
0.41748 -2.95867
0.417725 -2.97999
0.417969 -3.00188
0.418213 -3.01805
0.418457 -3.02443
0.418701 -3.02029
0.418945 -3.00779
0.419189 -2.99096
0.419434 -2.97459
0.419678 -2.96332
0.419922 -2.9607
0.420166 -2.96823
0.42041 -2.98445
0.420654 -3.005
0.420898 -3.02391
0.421143 -3.03594
0.421387 -3.03835
0.421631 -3.03144
0.421875 -3.01793
0.422119 -3.00189
0.422363 -2.98785
0.422607 -2.97985
0.422852 -2.98061
0.423096 -2.99058
0.42334 -3.0074
0.423584 -3.02635
0.423828 -3.04198
0.424072 -3.05014
0.424316 -3.04924
0.424561 -3.0404
0.424805 -3.02664
0.425049 -3.012
0.425293 -3.00061
0.425537 -2.99588
0.425781 -2.99965
0.426025 -3.01138
0.42627 -3.02804
0.426514 -3.04487
0.426758 -3.05708
0.427002 -3.06163
0.427246 -3.05793
0.42749 -3.0477
0.427734 -3.03419
0.427979 -3.02126
0.428223 -3.01262
0.428467 -3.011
0.428711 -3.01734
0.428955 -3.03028
0.429199 -3.04628
0.429443 -3.06076
0.429688 -3.06973
0.429932 -3.07111
0.430176 -3.06517
0.43042 -3.05409
0.430664 -3.04119
0.430908 -3.03012
0.431152 -3.02413
0.431396 -3.02523
0.431641 -3.03356
0.431885 -3.04705
0.432129 -3.06194
0.432373 -3.07398
0.432617 -3.07998
0.432861 -3.07876
0.433105 -3.07123
0.43335 -3.05988
0.433594 -3.048
0.433838 -3.03898
0.434082 -3.0355
0.434326 -3.0389
0.43457 -3.04858
0.434814 -3.06196
0.435059 -3.07525
0.435303 -3.08473
0.435547 -3.088
0.435791 -3.08465
0.436035 -3.07609
0.436279 -3.06497
0.436523 -3.0545
0.436768 -3.04769
0.437012 -3.04666
0.437256 -3.05203
0.4375 -3.06256
0.437744 -3.07533
0.437988 -3.08672
0.438232 -3.0936
0.438477 -3.09436
0.438721 -3.08924
0.438965 -3.08003
0.439209 -3.06949
0.439453 -3.06062
0.439697 -3.05603
0.439941 -3.05726
0.440186 -3.06424
0.44043 -3.07521
0.440674 -3.08708
0.440918 -3.09649
0.441162 -3.10094
0.441406 -3.09955
0.44165 -3.09308
0.441895 -3.0836
0.442139 -3.07388
0.442383 -3.06669
0.442627 -3.06418
0.442871 -3.0673
0.443115 -3.07542
0.443359 -3.08635
0.443604 -3.097
0.443848 -3.1044
0.444092 -3.10668
0.444336 -3.10355
0.44458 -3.09623
0.444824 -3.08694
0.445068 -3.07835
0.445312 -3.07293
0.445557 -3.07237
0.445801 -3.07704
0.446045 -3.0858
0.446289 -3.09622
0.446533 -3.10534
0.446777 -3.11067
0.447021 -3.11095
0.447266 -3.10643
0.44751 -3.09864
0.447754 -3.08989
0.447998 -3.08268
0.448242 -3.07914
0.448486 -3.08042
0.44873 -3.08638
0.448975 -3.09543
0.449219 -3.10503
0.449463 -3.11247
0.449707 -3.11577
0.449951 -3.11425
0.450195 -3.10862
0.450439 -3.10065
0.450684 -3.09264
0.450928 -3.0869
0.451172 -3.08515
0.451416 -3.08806
0.45166 -3.09497
0.451904 -3.104
0.452148 -3.11259
0.452393 -3.11834
0.452637 -3.11981
0.452881 -3.11683
0.453125 -3.11046
0.453369 -3.10262
0.453613 -3.09556
0.453857 -3.09131
0.454102 -3.09119
0.454346 -3.09539
0.45459 -3.10283
0.454834 -3.11145
0.455078 -3.11879
0.455322 -3.12287
0.455566 -3.12271
0.455811 -3.1186
0.456055 -3.11188
0.456299 -3.10452
0.456543 -3.09864
0.456787 -3.09595
0.457031 -3.09735
0.457275 -3.10256
0.45752 -3.11018
0.457764 -3.11805
0.458008 -3.12396
0.458252 -3.12633
0.458496 -3.12469
0.45874 -3.1197
0.458984 -3.11289
0.459229 -3.10625
0.459473 -3.10168
0.459717 -3.10056
0.459961 -3.10333
0.460205 -3.10932
0.460449 -3.11686
0.460693 -3.12381
0.460938 -3.12825
0.461182 -3.12903
0.461426 -3.12613
0.46167 -3.12052
0.461914 -3.11386
0.462158 -3.10807
0.462402 -3.10482
0.462646 -3.10513
0.462891 -3.10901
0.463135 -3.11545
0.463379 -3.12263
0.463623 -3.12852
0.463867 -3.13152
0.464111 -3.13091
0.464355 -3.12706
0.4646 -3.12115
0.464844 -3.11493
0.465088 -3.11017
0.465332 -3.10826
0.465576 -3.10984
0.46582 -3.11455
0.466064 -3.12109
0.466309 -3.12761
0.466553 -3.13226
0.466797 -3.13382
0.467041 -3.13199
0.467285 -3.12744
0.467529 -3.12153
0.467773 -3.11599
0.468018 -3.11241
0.468262 -3.11187
0.468506 -3.11461
0.46875 -3.11992
0.468994 -3.12631
0.469238 -3.13196
0.469482 -3.13529
0.469727 -3.13547
0.469971 -3.13257
0.470215 -3.12753
0.470459 -3.12183
0.470703 -3.11711
0.470947 -3.11475
0.471191 -3.11548
0.471436 -3.11919
0.47168 -3.12485
0.471924 -3.13088
0.472168 -3.13555
0.472412 -3.1376
0.472656 -3.13656
0.4729 -3.13284
0.473145 -3.12758
0.473389 -3.1223
0.473633 -3.11852
0.473877 -3.11736
0.474121 -3.11921
0.474365 -3.12361
0.474609 -3.12934
0.474854 -3.13475
0.475098 -3.13832
0.475342 -3.13913
0.475586 -3.13704
0.47583 -3.13276
0.476074 -3.12756
0.476318 -3.12294
0.476562 -3.12023
0.476807 -3.12027
0.477051 -3.1231
0.477295 -3.12795
0.477539 -3.13346
0.477783 -3.13805
0.478027 -3.14044
0.478271 -3.14003
0.478516 -3.13705
0.47876 -3.13242
0.479004 -3.12749
0.479248 -3.12369
0.479492 -3.12213
0.479736 -3.12331
0.47998 -3.12696
0.480225 -3.13207
0.480469 -3.13717
0.480713 -3.14081
0.480957 3.14117
0.481201 -3.14052
0.481445 -3.13684
0.481689 -3.13207
0.481934 -3.12759
0.482178 -3.1247
0.482422 -3.12425
0.482666 -3.12644
0.48291 -3.13069
0.483154 -3.13579
0.483398 -3.14028
0.483643 3.14028
0.483887 3.1402
0.484131 -3.14057
0.484375 -3.13643
0.484619 -3.13178
0.484863 -3.12795
0.485107 -3.12606
0.485352 -3.12671
0.485596 -3.12975
0.48584 -3.13434
0.486084 -3.13917
0.486328 3.14032
0.486572 3.13879
0.486816 3.13979
0.487061 -3.14022
0.487305 -3.13584
0.487549 -3.13152
0.487793 -3.12851
0.488037 -3.1277
0.488281 -3.12938
0.488525 -3.13312
0.48877 -3.13785
0.489014 3.14097
0.489258 3.1382
0.489502 3.13778
0.489746 3.13976
0.48999 -3.13968
0.490234 -3.13526
0.490479 -3.13145
0.490723 -3.12935
0.490967 -3.12962
0.491211 -3.13222
0.491455 -3.13645
0.491699 -3.1411
0.491943 3.13835
0.492188 3.13658
0.492432 3.13722
0.492676 3.14002
0.49292 -3.13905
0.493164 -3.13481
0.493408 -3.13168
0.493652 -3.13058
0.493896 -3.13188
0.494141 -3.13524
0.494385 -3.13973
0.494629 3.13912
0.494873 3.1362
0.495117 3.13548
0.495361 3.1371
0.495605 3.14056
0.49585 -3.13836
0.496094 -3.13452
0.496338 -3.13223
0.496582 -3.13217
0.496826 -3.13443
0.49707 -3.13839
0.497314 3.14026
0.497559 3.13646
0.497803 3.13446
0.498047 3.1348
0.498291 3.13731
0.498535 3.14124
0.498779 -3.13774
0.499023 -3.13448
0.499268 -3.13313
0.499512 -3.13412
0.499756 -3.13723
0.5 3.14159
