0 0
0.000244141 -0.0435437
0.000488281 -0.0666107
0.000732422 -0.0594184
0.000976562 -0.0235156
0.0012207 0.0333956
0.00146484 0.101523
0.00170898 0.170396
0.00195312 0.228704
0.00219727 0.263825
0.00244141 0.262854
0.00268555 0.218394
0.00292969 0.140625
0.00317383 0.0625269
0.00341797 0.0197383
0.00366211 0.0269189
0.00390625 0.0793066
0.00415039 0.165141
0.00439453 0.272623
0.00463867 0.391306
0.00488281 0.511144
0.00512695 0.620458
0.00537109 0.70269
0.00561523 0.731451
0.00585938 0.668151
0.00610352 0.491584
0.00634766 0.281984
0.0065918 0.167832
0.00683594 0.171322
0.00708008 0.255214
0.00732422 0.387
0.00756836 0.546784
0.0078125 0.722375
0.00805664 0.90525
0.00830078 1.08789
0.00854492 1.26132
0.00878906 1.41102
0.0090332 1.50712
0.00927734 1.47678
0.00952148 1.17236
0.00976562 0.705503
0.0100098 0.516789
0.0102539 0.546889
0.010498 0.671207
0.0107422 0.837981
0.0109863 1.02578
0.0112305 1.22444
0.0114746 1.42847
0.0117188 1.6345
0.0119629 1.84016
0.012207 2.04358
0.0124512 2.24304
0.0126953 2.43671
0.0129395 2.62249
0.0131836 2.79773
0.0134277 2.95893
0.0136719 3.10145
0.013916 -3.06398
0.0141602 -2.97825
0.0144043 -2.93104
0.0146484 -2.92303
0.0148926 -2.94189
0.0151367 -2.96214
0.0153809 -2.95839
0.015625 -2.91856
0.0158691 -2.84348
0.0161133 -2.73984
0.0163574 -2.61505
0.0166016 -2.47542
0.0168457 -2.32591
0.0170898 -2.17039
0.017334 -2.01205
0.0175781 -1.85371
0.0178223 -1.69813
0.0180664 -1.54833
0.0183105 -1.40792
0.0185547 -1.28158
0.0187988 -1.17552
0.019043 -1.09794
0.0192871 -1.05848
0.0195312 -1.06468
0.0197754 -1.11304
0.0200195 -1.18009
0.0202637 -1.23072
0.0205078 -1.24126
0.020752 -1.20807
0.0209961 -1.13874
0.0212402 -1.04302
0.0214844 -0.929283
0.0217285 -0.804015
0.0219727 -0.672205
0.0222168 -0.53792
0.0224609 -0.40479
0.0227051 -0.276449
0.0229492 -0.156958
0.0231934 -0.0512823
0.0234375 0.0341994
0.0236816 0.09135
0.0239258 0.110877
0.0241699 0.0858233
0.0244141 0.0198713
0.0246582 -0.0648497
0.0249023 -0.135612
0.0251465 -0.170005
0.0253906 -0.16408
0.0256348 -0.124636
0.0258789 -0.0608226
0.026123 0.0194597
0.0263672 0.11026
0.0266113 0.207322
0.0268555 0.307692
0.0270996 0.409394
0.0273438 0.511182
0.0275879 0.612352
0.027832 0.712551
0.0280762 0.811581
0.0283203 0.909171
0.0285645 1.00472
0.0288086 1.09698
0.0290527 1.18375
0.0292969 1.26139
0.029541 1.32428
0.0297852 1.36431
0.0300293 1.37109
0.0302734 1.33508
0.0305176 1.25721
0.0307617 1.16083
0.0310059 1.08522
0.03125 1.05813
0.0314941 1.08393
0.0317383 1.15398
0.0319824 1.25739
0.0322266 1.38518
0.0324707 1.53068
0.0327148 1.68905
0.032959 1.85672
0.0332031 2.03082
0.0334473 2.20891
0.0336914 2.3886
0.0339355 2.56719
0.0341797 2.74123
0.0344238 2.90555
0.034668 3.05146
0.0349121 -3.1206
0.0351562 -3.07823
0.0354004 3.10879
0.0356445 2.80377
0.0358887 2.46623
0.0361328 2.33013
0.036377 2.35096
0.0366211 2.45061
0.0368652 2.58915
0.0371094 2.7473
0.0373535 2.91471
0.0375977 3.08503
0.0378418 -3.0295
0.0380859 -2.86627
0.0383301 -2.71195
0.0385742 -2.56994
0.0388184 -2.44354
0.0390625 -2.33549
0.0393066 -2.24717
0.0395508 -2.17735
0.0397949 -2.1213
0.0400391 -2.07117
0.0402832 -2.01824
0.0405273 -1.9558
0.0407715 -1.88068
0.0410156 -1.79302
0.0412598 -1.6951
0.0415039 -1.59022
0.041748 -1.48191
0.0419922 -1.37357
0.0422363 -1.26826
0.0424805 -1.16851
0.0427246 -1.07613
0.0429688 -0.991869
0.0432129 -0.915191
0.043457 -0.844103
0.0437012 -0.775394
0.0439453 -0.705282
0.0441895 -0.630257
0.0444336 -0.547774
0.0446777 -0.456558
0.0449219 -0.356498
0.045166 -0.248347
0.0454102 -0.13338
0.0456543 -0.0131408
0.0458984 0.110719
0.0461426 0.236507
0.0463867 0.36248
0.0466309 0.486786
0.046875 0.607337
0.0471191 0.721605
0.0473633 0.826315
0.0476074 0.916958
0.0478516 0.987081
0.0480957 1.02742
0.0483398 1.02559
0.048584 0.969048
0.0488281 0.857071
0.0490723 0.718146
0.0493164 0.601713
0.0495605 0.53973
0.0498047 0.533834
0.0500488 0.571885
0.050293 0.641077
0.0505371 0.731629
0.0507812 0.83665
0.0510254 0.951271
0.0512695 1.07192
0.0515137 1.19582
0.0517578 1.32065
0.052002 1.44436
0.0522461 1.56501
0.0524902 1.68069
0.0527344 1.78953
0.0529785 1.88972
0.0532227 1.97969
0.0534668 2.05839
0.0537109 2.12564
0.0539551 2.18253
0.0541992 2.2316
0.0544434 2.27659
0.0546875 2.32163
0.0549316 2.37031
0.0551758 2.42486
0.0554199 2.48597
0.0556641 2.55294
0.0559082 2.62407
0.0561523 2.69715
0.0563965 2.76978
0.0566406 2.8397
0.0568848 2.90512
0.0571289 2.96502
0.057373 3.01947
0.0576172 3.06982
0.0578613 3.11848
0.0581055 -3.11467
0.0583496 -3.06037
0.0585938 -2.99977
0.0588379 -2.93205
0.059082 -2.85764
0.0593262 -2.77807
0.0595703 -2.69567
0.0598145 -2.61335
0.0600586 -2.53446
0.0603027 -2.46256
0.0605469 -2.40114
0.060791 -2.35296
0.0610352 -2.31904
0.0612793 -2.29738
0.0615234 -2.28233
0.0617676 -2.26553
0.0620117 -2.23856
0.0622559 -2.1956
0.0625 -2.13442
0.0627441 -2.05573
0.0629883 -1.96201
0.0632324 -1.85643
0.0634766 -1.7423
0.0637207 -1.62287
0.0639648 -1.50132
0.064209 -1.38084
0.0644531 -1.2648
0.0646973 -1.15693
0.0649414 -1.06144
0.0651855 -0.982933
0.0654297 -0.925931
0.0656738 -0.893429
0.065918 -0.884392
0.0661621 -0.891261
0.0664062 -0.900461
0.0666504 -0.897479
0.0668945 -0.872761
0.0671387 -0.823549
0.0673828 -0.751887
0.067627 -0.661909
0.0678711 -0.558093
0.0681152 -0.444528
0.0683594 -0.324757
0.0686035 -0.201863
0.0688477 -0.078638
0.0690918 0.0422214
0.0693359 0.157906
0.0695801 0.265274
0.0698242 0.36061
0.0700684 0.439414
0.0703125 0.496365
0.0705566 0.525838
0.0708008 0.523727
0.0710449 0.491155
0.0712891 0.438466
0.0715332 0.384288
0.0717773 0.347151
0.0720215 0.33717
0.0722656 0.355185
0.0725098 0.396776
0.0727539 0.455936
0.072998 0.526862
0.0732422 0.604463
0.0734863 0.684333
0.0737305 0.762597
0.0739746 0.835813
0.0742188 0.901032
0.0744629 0.956084
0.074707 1.0001
0.0749512 1.03413
0.0751953 1.06153
0.0754395 1.08755
0.0756836 1.11803
0.0759277 1.15781
0.0761719 1.20968
0.076416 1.2742
0.0766602 1.35023
0.0769043 1.43564
0.0771484 1.52781
0.0773926 1.62402
0.0776367 1.72158
0.0778809 1.81801
0.078125 1.9111
0.0783691 1.99908
0.0786133 2.08085
0.0788574 2.1562
0.0791016 2.226
0.0793457 2.29225
0.0795898 2.3577
0.079834 2.42536
0.0800781 2.49774
0.0803223 2.57641
0.0805664 2.66184
0.0808105 2.75345
0.0810547 2.84993
0.0812988 2.94953
0.081543 3.05031
0.0817871 -3.13279
0.0820312 -3.03494
0.0822754 -2.94025
0.0825195 -2.84882
0.0827637 -2.75966
0.0830078 -2.67078
0.083252 -2.57943
0.0834961 -2.48266
0.0837402 -2.3779
0.0839844 -2.26345
0.0842285 -2.13857
0.0844727 -2.00344
0.0847168 -1.85892
0.0849609 -1.70633
0.0852051 -1.54729
0.0854492 -1.38364
0.0856934 -1.21736
0.0859375 -1.05068
0.0861816 -0.886092
0.0864258 -0.726522
0.0866699 -0.575486
0.0869141 -0.437257
0.0871582 -0.316939
0.0874023 -0.220194
0.0876465 -0.152114
0.0878906 -0.114667
0.0881348 -0.103268
0.0883789 -0.105769
0.088623 -0.107643
0.0888672 -0.100657
0.0891113 -0.0878305
0.0893555 -0.0836326
0.0895996 -0.113381
0.0898438 -0.210094
0.0900879 -0.38905
0.090332 -0.59289
0.0905762 -0.72445
0.0908203 -0.754671
0.0910645 -0.707815
0.0913086 -0.61175
0.0915527 -0.485344
0.0917969 -0.340277
0.092041 -0.183907
0.0922852 -0.0211179
0.0925293 0.144638
0.0927734 0.310745
0.0930176 0.475078
0.0932617 0.6358
0.0935059 0.79124
0.09375 0.939835
0.0939941 1.08012
0.0942383 1.21076
0.0944824 1.33069
0.0947266 1.43923
0.0949707 1.5363
0.0952148 1.6226
0.095459 1.69959
0.0957031 1.76935
0.0959473 1.83413
0.0961914 1.89588
0.0964355 1.95579
0.0966797 2.01409
0.0969238 2.07018
0.097168 2.12287
0.0974121 2.17095
0.0976562 2.21367
0.0979004 2.25139
0.0981445 2.28586
0.0983887 2.32026
0.0986328 2.35849
0.098877 2.40429
0.0991211 2.46035
0.0993652 2.52796
0.0996094 2.60704
0.0998535 2.69656
0.100098 2.79493
0.100342 2.90027
0.100586 3.01065
0.10083 3.12415
0.101074 -3.04426
0.101318 -2.92997
0.101562 -2.81785
0.101807 -2.70951
0.102051 -2.60636
0.102295 -2.50961
0.102539 -2.42
0.102783 -2.33767
0.103027 -2.2619
0.103271 -2.19099
0.103516 -2.1224
0.10376 -2.05302
0.104004 -1.97979
0.104248 -1.90021
0.104492 -1.81265
0.104736 -1.71645
0.10498 -1.61176
0.105225 -1.49937
0.105469 -1.38047
0.105713 -1.25651
0.105957 -1.12912
0.106201 -1.00008
0.106445 -0.87133
0.106689 -0.745034
0.106934 -0.62362
0.107178 -0.509827
0.107422 -0.406666
0.107666 -0.317197
0.10791 -0.243949
0.108154 -0.187857
0.108398 -0.146838
0.108643 -0.114869
0.108887 -0.082824
0.109131 -0.0413094
0.109375 0.0162769
0.109619 0.0925066
0.109863 0.186615
0.110107 0.295906
0.110352 0.41691
0.110596 0.546035
0.11084 0.679852
0.111084 0.815181
0.111328 0.949117
0.111572 1.07909
0.111816 1.203
0.112061 1.31946
0.112305 1.42813
0.112549 1.52997
0.112793 1.62737
0.113037 1.72377
0.113281 1.82293
0.113525 1.92809
0.11377 2.04136
0.114014 2.16356
0.114258 2.29442
0.114502 2.43292
0.114746 2.57766
0.11499 2.72706
0.115234 2.87955
0.115479 3.03363
0.115723 -3.09527
0.115967 -2.94202
0.116211 -2.79096
0.116455 -2.6431
0.116699 -2.49934
0.116943 -2.36043
0.117188 -2.22696
0.117432 -2.0993
0.117676 -1.97758
0.11792 -1.86165
0.118164 -1.75102
0.118408 -1.64488
0.118652 -1.54213
0.118896 -1.44147
0.119141 -1.34148
0.119385 -1.24079
0.119629 -1.13815
0.119873 -1.03254
0.120117 -0.92317
0.120361 -0.809516
0.120605 -0.691281
0.12085 -0.568367
0.121094 -0.440839
0.121338 -0.308895
0.121582 -0.172839
0.121826 -0.0330641
0.12207 0.109961
0.122314 0.255706
0.122559 0.403585
0.122803 0.552968
0.123047 0.703195
0.123291 0.853599
0.123535 1.00353
0.123779 1.15242
0.124023 1.29982
0.124268 1.44551
0.124512 1.58957
0.124756 1.73247
0.125 1.8751
0.125244 2.01879
0.125488 2.16511
0.125732 2.31576
0.125977 2.47226
0.126221 2.63583
0.126465 2.80717
0.126709 2.98648
0.126953 -3.10969
0.127197 -2.91562
0.127441 -2.71542
0.127686 -2.51016
0.12793 -2.30098
0.128174 -2.08905
0.128418 -1.87546
0.128662 -1.66121
0.128906 -1.44722
0.12915 -1.23424
0.129395 -1.02291
0.129639 -0.81372
0.129883 -0.60698
0.130127 -0.40283
0.130371 -0.201206
0.130615 -0.00181992
0.130859 0.195859
0.131104 0.392611
0.131348 0.589447
0.131592 0.787571
0.131836 0.988307
0.13208 1.193
0.132324 1.40288
0.132568 1.61899
0.132812 1.84202
0.133057 2.07228
0.133301 2.30957
0.133545 2.55325
0.133789 2.80222
0.134033 3.05501
0.134277 -2.97322
0.134521 -2.71783
0.134766 -2.46362
0.13501 -2.21197
0.135254 -1.964
0.135498 -1.72047
0.135742 -1.4819
0.135986 -1.24852
0.13623 -1.02038
0.136475 -0.797391
0.136719 -0.579317
0.136963 -0.365837
0.137207 -0.156533
0.137451 0.0491064
0.137695 0.251694
0.137939 0.451958
0.138184 0.650759
0.138428 0.849113
0.138672 1.04822
0.138916 1.24951
0.13916 1.45471
0.139404 1.66599
0.139648 1.88615
0.139893 2.11896
0.140137 2.36968
0.140381 2.64588
0.140625 2.95812
0.140869 -2.96388
0.141113 -2.54457
0.141357 -2.07753
0.141602 -1.60332
0.141846 -1.16761
0.14209 -0.788578
0.142334 -0.460327
0.142578 -0.170153
0.142822 0.0930386
0.143066 0.337239
0.143311 0.567958
0.143555 0.789057
0.143799 1.00339
0.144043 1.21322
0.144287 1.42052
0.144531 1.62718
0.144775 1.83508
0.14502 2.04623
0.145264 2.26284
0.145508 2.48734
0.145752 2.72253
0.145996 2.97157
0.14624 -3.04509
0.146484 -2.75715
0.146729 -2.444
0.146973 -2.10321
0.147217 -1.7358
0.147461 -1.34839
0.147705 -0.953065
0.147949 -0.563549
0.148193 -0.189969
0.148438 0.163445
0.148682 0.497183
0.148926 0.814115
0.14917 1.11775
0.149414 1.41136
0.149658 1.69774
0.149902 1.97911
0.150146 2.2573
0.150391 2.53376
0.150635 2.80967
0.150879 3.08602
0.151123 -2.91957
0.151367 -2.64004
0.151611 -2.35805
0.151855 -2.07322
0.1521 -1.78536
0.152344 -1.4945
0.152588 -1.20091
0.152832 -0.905139
0.153076 -0.607996
0.15332 -0.310502
0.153564 -0.0138185
0.153809 0.280858
0.154053 0.572405
0.154297 0.859864
0.154541 1.1425
0.154785 1.41982
0.155029 1.69159
0.155273 1.95775
0.155518 2.21844
0.155762 2.47394
0.156006 2.72466
0.15625 2.9711
0.156494 -3.06934
0.156738 -2.82961
0.156982 -2.59214
0.157227 -2.35614
0.157471 -2.12078
0.157715 -1.8852
0.157959 -1.64857
0.158203 -1.41008
0.158447 -1.16897
0.158691 -0.924508
0.158936 -0.676025
0.15918 -0.422868
0.159424 -0.164397
0.159668 0.100045
0.159912 0.371139
0.160156 0.649604
0.1604 0.936175
0.160645 1.23155
0.160889 1.53631
0.161133 1.85068
0.161377 2.17436
0.161621 2.5062
0.161865 2.84401
0.162109 -3.09866
0.162354 -2.75944
0.162598 -2.42576
0.162842 -2.10139
0.163086 -1.78929
0.16333 -1.49143
0.163574 -1.20892
0.163818 -0.942218
0.164062 -0.691385
0.164307 -0.456145
0.164551 -0.235869
0.164795 -0.0294375
0.165039 0.164967
0.165283 0.350035
0.165527 0.529353
0.165771 0.707205
0.166016 0.888167
0.16626 1.07669
0.166504 1.27686
0.166748 1.49251
0.166992 1.72771
0.167236 1.9876
0.16748 2.27951
0.167725 2.61423
0.167969 3.00579
0.168213 -2.81854
0.168457 -2.30492
0.168701 -1.78517
0.168945 -1.31092
0.169189 -0.898837
0.169434 -0.539678
0.169678 -0.218996
0.169922 0.0746984
0.170166 0.34916
0.17041 0.609388
0.170654 0.858575
0.170898 1.09877
0.171143 1.33132
0.171387 1.5571
0.171631 1.77675
0.171875 1.9908
0.172119 2.1998
0.172363 2.40437
0.172607 2.60536
0.172852 2.80383
0.173096 3.00114
0.17334 -3.08432
0.173584 -2.88447
0.173828 -2.6808
0.174072 -2.47177
0.174316 -2.25624
0.174561 -2.03349
0.174805 -1.80341
0.175049 -1.56643
0.175293 -1.32344
0.175537 -1.07574
0.175781 -0.824759
0.176025 -0.571946
0.17627 -0.318564
0.176514 -0.0655828
0.176758 0.18637
0.177002 0.437001
0.177246 0.686305
0.17749 0.934496
0.177734 1.18193
0.177979 1.42905
0.178223 1.67632
0.178467 1.9242
0.178711 2.17312
0.178955 2.42345
0.179199 2.67551
0.179443 2.92958
0.179688 -3.09733
0.179932 -2.83869
0.180176 -2.57758
0.18042 -2.31394
0.180664 -2.04778
0.180908 -1.77916
0.181152 -1.50821
0.181396 -1.23511
0.181641 -0.960147
0.181885 -0.683727
0.182129 -0.406375
0.182373 -0.128802
0.182617 0.148039
0.182861 0.422853
0.183105 0.693839
0.18335 0.958421
0.183594 1.21277
0.183838 1.45099
0.184082 1.66376
0.184326 1.83652
0.18457 1.94893
0.184814 1.98475
0.185059 1.9648
0.185303 1.96277
0.185547 2.03849
0.185791 2.19599
0.186035 2.41518
0.186279 2.67709
0.186523 2.96848
0.186768 -3.00285
0.187012 -2.67708
0.187256 -2.3425
0.1875 -2.00329
0.187744 -1.66277
0.187988 -1.32344
0.188232 -0.986923
0.188477 -0.654041
0.188721 -0.324952
0.188965 0.000712903
0.189209 0.323692
0.189453 0.644955
0.189697 0.965588
0.189941 1.28668
0.190186 1.60924
0.19043 1.93402
0.190674 2.26144
0.190918 2.59141
0.191162 2.92321
0.191406 -3.02774
0.19165 -2.69702
0.191895 -2.37016
0.192139 -2.04954
0.192383 -1.73728
0.192627 -1.43503
0.192871 -1.1439
0.193115 -0.864452
0.193359 -0.596871
0.193604 -0.341033
0.193848 -0.0966217
0.194092 0.136815
0.194336 0.359845
0.19458 0.573172
0.194824 0.777662
0.195068 0.974391
0.195312 1.16466
0.195557 1.35
0.195801 1.53211
0.196045 1.71276
0.196289 1.89367
0.196533 2.07643
0.196777 2.26234
0.197021 2.45245
0.197266 2.64748
0.19751 2.8479
0.197754 3.05395
0.197998 -3.01749
0.198242 -2.80009
0.198486 -2.57717
0.19873 -2.34892
0.198975 -2.1156
0.199219 -1.8775
0.199463 -1.63496
0.199707 -1.38838
0.199951 -1.13822
0.200195 -0.884971
0.200439 -0.629217
0.200684 -0.371572
0.200928 -0.112692
0.201172 0.146744
0.201416 0.406054
0.20166 0.664569
0.201904 0.921649
0.202148 1.17669
0.202393 1.42915
0.202637 1.67854
0.202881 1.92444
0.203125 2.16653
0.203369 2.40459
0.203613 2.6386
0.203857 2.86873
0.204102 3.09547
0.204346 -2.96352
0.20459 -2.74061
0.204834 -2.51732
0.205078 -2.29171
0.205322 -2.06169
0.205566 -1.8253
0.205811 -1.5809
0.206055 -1.32741
0.206299 -1.0644
0.206543 -0.792084
0.206787 -0.511276
0.207031 -0.223225
0.207275 0.0705431
0.20752 0.368416
0.207764 0.668851
0.208008 0.970494
0.208252 1.27224
0.208496 1.57327
0.20874 1.873
0.208984 2.17107
0.209229 2.46726
0.209473 2.76146
0.209717 3.05363
0.209961 -2.93948
0.210205 -2.65159
0.210449 -2.36607
0.210693 -2.08324
0.210938 -1.80372
0.211182 -1.52851
0.211426 -1.25929
0.21167 -0.998942
0.211914 -0.752516
0.212158 -0.529342
0.212402 -0.347571
0.212646 -0.243424
0.212891 -0.27803
0.213135 -0.46504
0.213379 -0.619084
0.213623 -0.601517
0.213867 -0.454376
0.214111 -0.234045
0.214355 0.0284014
0.2146 0.316948
0.214844 0.622649
0.215088 0.939855
0.215332 1.2645
0.215576 1.59334
0.21582 1.92366
0.216064 2.25317
0.216309 2.58
0.216553 2.90278
0.216797 -3.06263
0.217041 -2.75038
0.217285 -2.44383
0.217529 -2.14286
0.217773 -1.84713
0.218018 -1.55616
0.218262 -1.26936
0.218506 -0.986081
0.21875 -0.705631
0.218994 -0.42732
0.219238 -0.150464
0.219482 0.125596
0.219727 0.401481
0.219971 0.677758
0.220215 0.95493
0.220459 1.23342
0.220703 1.51354
0.220947 1.79547
0.221191 2.07926
0.221436 2.36471
0.22168 2.65142
0.221924 2.93867
0.222168 -3.05778
0.222412 -2.77296
0.222656 -2.49183
0.2229 -2.21648
0.223145 -1.94921
0.223389 -1.69239
0.223633 -1.44817
0.223877 -1.21814
0.224121 -1.00288
0.224365 -0.801427
0.224609 -0.611024
0.224854 -0.427318
0.225098 -0.24514
0.225342 -0.0596231
0.225586 0.132881
0.22583 0.334435
0.226074 0.545686
0.226318 0.766284
0.226562 0.995321
0.226807 1.23164
0.227051 1.47403
0.227295 1.72131
0.227539 1.97237
0.227783 2.22614
0.228027 2.48161
0.228271 2.73777
0.228516 2.99361
0.22876 -3.03507
0.229004 -2.78293
0.229248 -2.53414
0.229492 -2.28962
0.229736 -2.05008
0.22998 -1.81599
0.230225 -1.58741
0.230469 -1.36391
0.230713 -1.1445
0.230957 -0.927736
0.231201 -0.71181
0.231445 -0.494797
0.231689 -0.274877
0.231934 -0.0505134
0.232178 0.179464
0.232422 0.415863
0.232666 0.659205
0.23291 0.909822
0.233154 1.16796
0.233398 1.43386
0.233643 1.7078
0.233887 1.99013
0.234131 2.28121
0.234375 2.58135
0.234619 2.89056
0.234863 -3.07484
0.235107 -2.74989
0.235352 -2.42041
0.235596 -2.09033
0.23584 -1.76471
0.236084 -1.44906
0.236328 -1.14853
0.236572 -0.867256
0.236816 -0.607948
0.237061 -0.371677
0.237305 -0.157724
0.237549 0.0365724
0.237793 0.215783
0.238037 0.385881
0.238281 0.553201
0.238525 0.72325
0.23877 0.899899
0.239014 1.08523
0.239258 1.27986
0.239502 1.48347
0.239746 1.69527
0.23999 1.91426
0.240234 2.13949
0.240479 2.37007
0.240723 2.60526
0.240967 2.84442
0.241211 3.08704
0.241455 -2.95049
0.241699 -2.70216
0.241943 -2.45151
0.242188 -2.19884
0.242432 -1.9445
0.242676 -1.68887
0.24292 -1.43238
0.243164 -1.17553
0.243408 -0.918822
0.243652 -0.66272
0.243896 -0.407584
0.244141 -0.153583
0.244385 0.0993629
0.244629 0.351587
0.244873 0.603653
0.245117 0.856291
0.245361 1.11034
0.245605 1.36671
0.24585 1.62633
0.246094 1.89022
0.246338 2.15949
0.246582 2.43536
0.246826 2.71927
0.24707 3.01281
0.247314 -2.96549
0.247559 -2.64763
0.247803 -2.31568
0.248047 -1.96973
0.248291 -1.61188
0.248535 -1.24675
0.248779 -0.881046
0.249023 -0.522053
0.249268 -0.175796
0.249512 0.154126
0.249756 0.466557
0.25 0.762107
0.250244 1.04235
0.250488 1.30924
0.250732 1.56475
0.250977 1.81075
0.251221 2.04897
0.251465 2.28098
0.251709 2.50828
0.251953 2.73234
0.252197 2.95469
0.252441 -3.10619
0.252686 -2.88189
0.25293 -2.65303
0.253174 -2.41604
0.253418 -2.16578
0.253662 -1.89456
0.253906 -1.59119
0.25415 -1.24139
0.254395 -0.834741
0.254639 -0.384059
0.254883 0.0626803
0.255127 0.45573
0.255371 0.780232
0.255615 1.04696
0.255859 1.27219
0.256104 1.46967
0.256348 1.64965
0.256592 1.81957
0.256836 1.9847
0.25708 2.14862
0.257324 2.3136
0.257568 2.48085
0.257812 2.65083
0.258057 2.82338
0.258301 2.99792
0.258545 -3.10967
0.258789 -2.93437
0.259033 -2.76112
0.259277 -2.59235
0.259521 -2.43148
0.259766 -2.28358
0.26001 -2.15653
0.260254 -2.06284
0.260498 -2.02178
0.260742 -2.05725
0.260986 -2.17561
0.26123 -2.3242
0.261475 -2.41924
0.261719 -2.4307
0.261963 -2.37655
0.262207 -2.28296
0.262451 -2.17237
0.262695 -2.06738
0.262939 -2.00365
0.263184 -2.06709
0.263428 -2.46192
0.263672 -3.0298
0.263916 3.06986
0.26416 3.11823
0.264404 -3.02469
0.264648 -2.84122
0.264893 -2.63335
0.265137 -2.40951
0.265381 -2.1739
0.265625 -1.92879
0.265869 -1.67544
0.266113 -1.41456
0.266357 -1.14653
0.266602 -0.871612
0.266846 -0.590012
0.26709 -0.301983
0.267334 -0.00790407
0.267578 0.291662
0.267822 0.595928
0.268066 0.903883
0.268311 1.21433
0.268555 1.52598
0.268799 1.83754
0.269043 2.14786
0.269287 2.45602
0.269531 2.76143
0.269775 3.06385
0.27002 -2.91971
0.270264 -2.62219
0.270508 -2.32535
0.270752 -2.02652
0.270996 -1.72022
0.27124 -1.39347
0.271484 -1.00554
0.271729 -0.354165
0.271973 1.27107
0.272217 2.15163
0.272461 2.56776
0.272705 2.88538
0.272949 -3.11633
0.273193 -2.85372
0.273438 -2.60377
0.273682 -2.3642
0.273926 -2.1346
0.27417 -1.9158
0.274414 -1.7098
0.274658 -1.51999
0.274902 -1.35147
0.275146 -1.21142
0.275391 -1.10863
0.275635 -1.05022
0.275879 -1.03318
0.276123 -1.03494
0.276367 -1.01991
0.276611 -0.962139
0.276855 -0.855472
0.2771 -0.705473
0.277344 -0.520052
0.277588 -0.305395
0.277832 -0.0651223
0.278076 0.199523
0.27832 0.489296
0.278564 0.806429
0.278809 1.15361
0.279053 1.53185
0.279297 1.93713
0.279541 2.35771
0.279785 2.77605
0.280029 -3.10723
0.280273 -2.73478
0.280518 -2.3914
0.280762 -2.07462
0.281006 -1.7808
0.28125 -1.50668
0.281494 -1.24997
0.281738 -1.0095
0.281982 -0.785161
0.282227 -0.577947
0.282471 -0.389858
0.282715 -0.223711
0.282959 -0.0824527
0.283203 0.0324837
0.283447 0.123967
0.283691 0.20181
0.283936 0.281994
0.28418 0.381101
0.284424 0.510418
0.284668 0.674671
0.284912 0.874608
0.285156 1.11011
0.2854 1.38224
0.285645 1.69414
0.285889 2.05064
0.286133 2.45568
0.286377 2.9061
0.286621 -2.89854
0.286865 -2.42022
0.287109 -1.96599
0.287354 -1.54468
0.287598 -1.15333
0.287842 -0.784592
0.288086 -0.431051
0.28833 -0.0865997
0.288574 0.253478
0.288818 0.592734
0.289062 0.933752
0.289307 1.27823
0.289551 1.62697
0.289795 1.97977
0.290039 2.3354
0.290283 2.69173
0.290527 3.04598
0.290771 -2.88795
0.291016 -2.5463
0.29126 -2.21424
0.291504 -1.89297
0.291748 -1.58303
0.291992 -1.28451
0.292236 -0.997187
0.29248 -0.720808
0.292725 -0.455187
0.292969 -0.200359
0.293213 0.0432754
0.293457 0.274758
0.293701 0.492253
0.293945 0.692442
0.294189 0.869286
0.294434 1.01132
0.294678 1.09552
0.294922 1.07468
0.295166 0.87604
0.29541 0.536028
0.295654 0.299962
0.295898 0.238663
0.296143 0.281276
0.296387 0.376453
0.296631 0.499082
0.296875 0.636944
0.297119 0.783757
0.297363 0.936088
0.297607 1.09191
0.297852 1.24986
0.298096 1.40885
0.29834 1.56786
0.298584 1.72578
0.298828 1.88139
0.299072 2.03342
0.299316 2.18068
0.299561 2.32241
0.299805 2.45877
0.300049 2.59145
0.300293 2.72415
0.300537 2.86254
0.300781 3.01338
0.301025 -3.10001
0.30127 -2.90627
0.301514 -2.68572
0.301758 -2.43766
0.302002 -2.16334
0.302246 -1.86572
0.30249 -1.54922
0.302734 -1.21924
0.302979 -0.881295
0.303223 -0.540206
0.303467 -0.199396
0.303711 0.139293
0.303955 0.475442
0.304199 0.809705
0.304443 1.14346
0.304688 1.47857
0.304932 1.81718
0.305176 2.1616
0.30542 2.51415
0.305664 2.87691
0.305908 -3.03199
0.306152 -2.6462
0.306396 -2.25104
0.306641 -1.85102
0.306885 -1.45244
0.307129 -1.06195
0.307373 -0.684894
0.307617 -0.324502
0.307861 0.0180199
0.308105 0.342802
0.30835 0.650545
0.308594 0.941902
0.308838 1.21704
0.309082 1.47528
0.309326 1.71473
0.30957 1.93176
0.309814 2.12051
0.310059 2.2727
0.310303 2.3796
0.310547 2.44001
0.310791 2.47496
0.311035 2.53171
0.311279 2.66165
0.311523 2.90776
0.311768 -2.95389
0.312012 -2.2898
0.312256 -1.53957
0.3125 -0.967085
0.312744 -0.549642
0.312988 -0.209318
0.313232 0.0939253
0.313477 0.378375
0.313721 0.652981
0.313965 0.922598
0.314209 1.19021
0.314453 1.45792
0.314697 1.72752
0.314941 2.00075
0.315186 2.2795
0.31543 2.56604
0.315674 2.86301
0.315918 -3.10978
0.316162 -2.78306
0.316406 -2.43834
0.31665 -2.07707
0.316895 -1.70594
0.317139 -1.33706
0.317383 -0.984536
0.317627 -0.659445
0.317871 -0.367112
0.318115 -0.107745
0.318359 0.121592
0.318604 0.325411
0.318848 0.508972
0.319092 0.677828
0.319336 0.837426
0.31958 0.992651
0.319824 1.14743
0.320068 1.30455
0.320312 1.46564
0.320557 1.63143
0.320801 1.80197
0.321045 1.97689
0.321289 2.1556
0.321533 2.33738
0.321777 2.52148
0.322021 2.70714
0.322266 2.89363
0.32251 3.0802
0.322754 -3.01709
0.322998 -2.83264
0.323242 -2.65049
0.323486 -2.4716
0.32373 -2.29706
0.323975 -2.12818
0.324219 -1.96647
0.324463 -1.81371
0.324707 -1.67182
0.324951 -1.5426
0.325195 -1.42721
0.325439 -1.32525
0.325684 -1.23373
0.325928 -1.14666
0.326172 -1.05607
0.326416 -0.95427
0.32666 -0.836063
0.326904 -0.699575
0.327148 -0.545633
0.327393 -0.376597
0.327637 -0.195345
0.327881 -0.00465053
0.328125 0.193116
0.328369 0.396065
0.328613 0.602761
0.328857 0.812142
0.329102 1.02344
0.329346 1.23609
0.32959 1.44968
0.329834 1.66388
0.330078 1.8784
0.330322 2.09294
0.330566 2.30714
0.330811 2.52053
0.331055 2.73233
0.331299 2.94125
0.331543 -3.1385
0.331787 -2.94653
0.332031 -2.78403
0.332275 -2.73913
0.33252 2.34337
0.332764 1.50807
0.333008 1.58519
0.333252 1.75497
0.333496 1.95034
0.33374 2.15618
0.333984 2.36715
0.334229 2.58081
0.334473 2.79581
0.334717 3.01123
0.334961 -3.05687
0.335205 -2.84286
0.335449 -2.63078
0.335693 -2.42169
0.335938 -2.21705
0.336182 -2.01889
0.336426 -1.83008
0.33667 -1.65475
0.336914 -1.4987
0.337158 -1.3695
0.337402 -1.27534
0.337646 -1.22033
0.337891 -1.19569
0.338135 -1.17515
0.338379 -1.12786
0.338623 -1.03722
0.338867 -0.903545
0.339111 -0.735249
0.339355 -0.541884
0.3396 -0.33152
0.339844 -0.110336
0.340088 0.117111
0.340332 0.347529
0.340576 0.578572
0.34082 0.808604
0.341064 1.0365
0.341309 1.26148
0.341553 1.48304
0.341797 1.70081
0.342041 1.91452
0.342285 2.12392
0.342529 2.32877
0.342773 2.52877
0.343018 2.72355
0.343262 2.91262
0.343506 3.09536
0.34375 -3.01227
0.343994 -2.84501
0.344238 -2.68749
0.344482 -2.54167
0.344727 -2.41008
0.344971 -2.29601
0.345215 -2.20351
0.345459 -2.13707
0.345703 -2.10043
0.345947 -2.094
0.346191 -2.11129
0.346436 -2.1377
0.34668 -2.15509
0.346924 -2.14964
0.347168 -2.11567
0.347412 -2.05381
0.347656 -1.96745
0.3479 -1.86045
0.348145 -1.73609
0.348389 -1.59682
0.348633 -1.44441
0.348877 -1.27996
0.349121 -1.10415
0.349365 -0.917222
0.349609 -0.719071
0.349854 -0.509244
0.350098 -0.286924
0.350342 -0.0509058
0.350586 0.200401
0.35083 0.468877
0.351074 0.756372
0.351318 1.06395
0.351562 1.39048
0.351807 1.73057
0.352051 2.07252
0.352295 2.39636
0.352539 2.66754
0.352783 2.80066
0.353027 2.48647
0.353271 1.77486
0.353516 1.66294
0.35376 1.79755
0.354004 2.00083
0.354248 2.22799
0.354492 2.46469
0.354736 2.70556
0.35498 2.94846
0.355225 -3.09059
0.355469 -2.84534
0.355713 -2.5987
0.355957 -2.35009
0.356201 -2.0986
0.356445 -1.84279
0.356689 -1.5804
0.356934 -1.30766
0.357178 -1.01787
0.357422 -0.698059
0.357666 -0.320838
0.35791 0.173809
0.358154 0.878561
0.358398 1.70046
0.358643 2.33731
0.358887 2.7827
0.359131 3.1272
0.359375 -2.86431
0.359619 -2.60419
0.359863 -2.36614
0.360107 -2.14609
0.360352 -1.94292
0.360596 -1.75725
0.36084 -1.59083
0.361084 -1.44584
0.361328 -1.3238
0.361572 -1.22382
0.361816 -1.14064
0.362061 -1.06425
0.362305 -0.982378
0.362549 -0.884836
0.362793 -0.766329
0.363037 -0.626218
0.363281 -0.466714
0.363525 -0.29117
0.36377 -0.103087
0.364014 0.0943001
0.364258 0.298103
0.364502 0.505724
0.364746 0.714735
0.36499 0.922745
0.365234 1.12724
0.365479 1.32539
0.365723 1.5138
0.365967 1.68823
0.366211 1.84315
0.366455 1.97144
0.366699 2.06459
0.366943 2.1146
0.367188 2.1198
0.367432 2.09297
0.367676 2.06139
0.36792 2.05111
0.368164 2.07257
0.368408 2.12219
0.368652 2.19069
0.368896 2.26846
0.369141 2.34752
0.369385 2.42214
0.369629 2.48919
0.369873 2.54858
0.370117 2.60335
0.370361 2.65873
0.370605 2.72041
0.37085 2.79257
0.371094 2.87695
0.371338 2.97289
0.371582 3.07799
0.371826 -3.09443
0.37207 -2.98218
0.372314 -2.87319
0.372559 -2.7727
0.372803 -2.6864
0.373047 -2.61981
0.373291 -2.57665
0.373535 -2.55589
0.373779 -2.5488
0.374023 -2.53989
0.374268 -2.51338
0.374512 -2.45975
0.374756 -2.37705
0.375 -2.26808
0.375244 -2.13725
0.375488 -1.98885
0.375732 -1.82625
0.375977 -1.65159
0.376221 -1.46513
0.376465 -1.26312
0.376709 -1.02673
0.376953 -0.605317
0.377197 1.8369
0.377441 2.34729
0.377686 2.5872
0.37793 2.78309
0.378174 2.95746
0.378418 3.11301
0.378662 -3.03675
0.378906 -2.933
0.37915 -2.87089
0.379395 -2.86596
0.379639 -2.92917
0.379883 -3.04572
0.380127 3.1184
0.380371 3.04514
0.380615 3.02855
0.380859 3.05541
0.381104 3.10862
0.381348 -3.10903
0.381592 -3.04162
0.381836 -2.98
0.38208 -2.92935
0.382324 -2.89197
0.382568 -2.86656
0.382812 -2.84815
0.383057 -2.82958
0.383301 -2.80422
0.383545 -2.76828
0.383789 -2.72164
0.384033 -2.66725
0.384277 -2.61017
0.384521 -2.55685
0.384766 -2.51476
0.38501 -2.49181
0.385254 -2.49479
0.385498 -2.526
0.385742 -2.57871
0.385986 -2.63647
0.38623 -2.68064
0.386475 -2.70027
0.386719 -2.69483
0.386963 -2.67058
0.387207 -2.63654
0.387451 -2.60243
0.387695 -2.57792
0.387939 -2.57197
0.388184 -2.59101
0.388428 -2.63541
0.388672 -2.69594
0.388916 -2.75571
0.38916 -2.79889
0.389404 -2.8184
0.389648 -2.81627
0.389893 -2.79962
0.390137 -2.77735
0.390381 -2.75829
0.390625 -2.75018
0.390869 -2.75833
0.391113 -2.78354
0.391357 -2.82043
0.391602 -2.8584
0.391846 -2.88628
0.39209 -2.89738
0.392334 -2.89109
0.392578 -2.87136
0.392822 -2.84448
0.393066 -2.81744
0.393311 -2.79702
0.393555 -2.78877
0.393799 -2.79572
0.394043 -2.81671
0.394287 -2.84568
0.394531 -2.87337
0.394775 -2.8913
0.39502 -2.8951
0.395264 -2.88521
0.395508 -2.86559
0.395752 -2.84201
0.395996 -2.82086
0.39624 -2.80811
0.396484 -2.80821
0.396729 -2.82263
0.396973 -2.84848
0.397217 -2.87855
0.397461 -2.90396
0.397705 -2.91783
0.397949 -2.9177
0.398193 -2.90528
0.398438 -2.8851
0.398682 -2.86291
0.398926 -2.84474
0.39917 -2.83585
0.399414 -2.83968
0.399658 -2.85644
0.399902 -2.8822
0.400146 -2.90965
0.400391 -2.93089
0.400635 -2.94061
0.400879 -2.93761
0.401123 -2.92422
0.401367 -2.90501
0.401611 -2.88544
0.401855 -2.8709
0.4021 -2.86578
0.402344 -2.87236
0.402588 -2.88968
0.402832 -2.91323
0.403076 -2.93616
0.40332 -2.95204
0.403564 -2.95716
0.403809 -2.95144
0.404053 -2.93763
0.404297 -2.92019
0.404541 -2.90417
0.404785 -2.89426
0.405029 -2.89385
0.405273 -2.90394
0.405518 -2.9224
0.405762 -2.94416
0.406006 -2.96291
0.40625 -2.97358
0.406494 -2.97399
0.406738 -2.96509
0.406982 -2.9501
0.407227 -2.93347
0.407471 -2.91993
0.407715 -2.91356
0.407959 -2.91686
0.408203 -2.92981
0.408447 -2.94932
0.408691 -2.96999
0.408936 -2.98598
0.40918 -2.99327
0.409424 -2.99073
0.409668 -2.98003
0.409912 -2.96467
0.410156 -2.94903
0.4104 -2.93748
0.410645 -2.93355
0.410889 -2.93895
0.411133 -2.95286
0.411377 -2.9717
0.411621 -2.99018
0.411865 -3.00319
0.412109 -3.00769
0.412354 -3.00333
0.412598 -2.99219
0.412842 -2.97783
0.413086 -2.96438
0.41333 -2.95573
0.413574 -2.95469
0.413818 -2.96213
0.414062 -2.97644
0.414307 -2.99375
0.414551 -3.00911
0.414795 -3.01838
0.415039 -3.01953
0.415283 -3.01303
0.415527 -3.00129
0.415771 -2.98791
0.416016 -2.97675
0.41626 -2.97119
0.416504 -2.9733
0.416748 -2.98309
0.416992 -2.99822
0.417236 -3.01451
0.41748 -3.02739
0.417725 -3.03352
0.417969 -3.03179
0.418213 -3.02331
0.418457 -3.01085
0.418701 -2.99802
0.418945 -2.98845
0.419189 -2.98507
0.419434 -2.98933
0.419678 -3.00057
0.419922 -3.01592
0.420166 -3.03113
0.42041 -3.04205
0.420654 -3.046
0.420898 -3.04255
0.421143 -3.03324
0.421387 -3.02099
0.421631 -3.0093
0.421875 -3.00152
0.422119 -3.00006
0.422363 -3.00576
0.422607 -3.0174
0.422852 -3.03186
0.423096 -3.04507
0.42334 -3.05348
0.423584 -3.05515
0.423828 -3.05023
0.424072 -3.04057
0.424316 -3.02916
0.424561 -3.01929
0.424805 -3.01388
0.425049 -3.01479
0.425293 -3.02218
0.425537 -3.03426
0.425781 -3.0477
0.426025 -3.05873
0.42627 -3.06442
0.426514 -3.06359
0.426758 -3.05697
0.427002 -3.04672
0.427246 -3.03587
0.42749 -3.02753
0.427734 -3.02425
0.427979 -3.02732
0.428223 -3.03628
0.428467 -3.04888
0.428711 -3.06163
0.428955 -3.07101
0.429199 -3.07466
0.429443 -3.072
0.429688 -3.06419
0.429932 -3.05364
0.430176 -3.04336
0.43042 -3.03627
0.430664 -3.03454
0.430908 -3.03898
0.431152 -3.04866
0.431396 -3.06103
0.431641 -3.07264
0.431885 -3.08034
0.432129 -3.08231
0.432373 -3.07843
0.432617 -3.07019
0.432861 -3.06009
0.433105 -3.05101
0.43335 -3.04559
0.433594 -3.04556
0.433838 -3.05122
0.434082 -3.0612
0.434326 -3.07276
0.43457 -3.08266
0.434814 -3.08824
0.435059 -3.08824
0.435303 -3.08305
0.435547 -3.07441
0.435791 -3.06489
0.436035 -3.05723
0.436279 -3.05371
0.436523 -3.0556
0.436768 -3.06266
0.437012 -3.07309
0.437256 -3.08402
0.4375 -3.09239
0.437744 -3.09601
0.437988 -3.09417
0.438232 -3.0877
0.438477 -3.0786
0.438721 -3.06947
0.438965 -3.0629
0.439209 -3.06088
0.439453 -3.06425
0.439697 -3.07232
0.439941 -3.08298
0.440186 -3.09327
0.44043 -3.10037
0.440674 -3.10252
0.440918 -3.09944
0.441162 -3.09229
0.441406 -3.0832
0.44165 -3.07476
0.441895 -3.06935
0.442139 -3.06863
0.442383 -3.07303
0.442627 -3.08151
0.442871 -3.09174
0.443115 -3.10087
0.443359 -3.10642
0.443604 -3.10707
0.443848 -3.10295
0.444092 -3.09547
0.444336 -3.08684
0.44458 -3.07952
0.444824 -3.07566
0.445068 -3.0765
0.445312 -3.08204
0.445557 -3.09086
0.445801 -3.1005
0.446045 -3.10826
0.446289 -3.11205
0.446533 -3.11104
0.446777 -3.10575
0.447021 -3.09783
0.447266 -3.08957
0.44751 -3.08331
0.447754 -3.08092
0.447998 -3.08327
0.448242 -3.08992
0.448486 -3.09913
0.44873 -3.10833
0.448975 -3.11498
0.449219 -3.11733
0.449463 -3.11498
0.449707 -3.10879
0.449951 -3.1006
0.450195 -3.09271
0.450439 -3.08735
0.450684 -3.08611
0.450928 -3.08953
0.451172 -3.09681
0.451416 -3.10598
0.45166 -3.11449
0.451904 -3.12
0.452148 -3.12113
0.452393 -3.11782
0.452637 -3.1112
0.452881 -3.10321
0.453125 -3.0961
0.453369 -3.0919
0.453613 -3.0919
0.453857 -3.09625
0.454102 -3.10386
0.454346 -3.11261
0.45459 -3.12003
0.454834 -3.12409
0.455078 -3.12383
0.455322 -3.11953
0.455566 -3.11254
0.455811 -3.1049
0.456055 -3.09875
0.456299 -3.09591
0.456543 -3.0973
0.456787 -3.10271
0.457031 -3.11072
0.457275 -3.11908
0.45752 -3.12545
0.457764 -3.12811
0.458008 -3.12648
0.458252 -3.12119
0.458496 -3.11381
0.45874 -3.10642
0.458984 -3.10109
0.459229 -3.09938
0.459473 -3.10194
0.459717 -3.10819
0.459961 -3.11645
0.460205 -3.12441
0.460449 -3.12987
0.460693 -3.1314
0.460938 -3.12877
0.461182 -3.12286
0.461426 -3.1154
0.46167 -3.10847
0.461914 -3.104
0.462158 -3.10332
0.462402 -3.10676
0.462646 -3.11344
0.462891 -3.12153
0.463135 -3.12874
0.463379 -3.13307
0.463623 -3.13345
0.463867 -3.12995
0.464111 -3.12368
0.464355 -3.11646
0.4646 -3.11031
0.464844 -3.10698
0.465088 -3.10752
0.465332 -3.11189
0.465576 -3.11895
0.46582 -3.12671
0.466064 -3.13298
0.466309 -3.13602
0.466553 -3.13512
0.466797 -3.13066
0.467041 -3.12398
0.467285 -3.11698
0.467529 -3.1116
0.467773 -3.10941
0.468018 -3.11115
0.468262 -3.11645
0.468506 -3.1239
0.46875 -3.1314
0.468994 -3.13684
0.469238 -3.13877
0.469482 -3.13678
0.469727 -3.13154
0.469971 -3.12457
0.470215 -3.11782
0.470459 -3.11314
0.470703 -3.11191
0.470947 -3.11457
0.471191 -3.12049
0.471436 -3.12803
0.47168 -3.13508
0.471924 -3.13966
0.472168 -3.14058
0.472412 -3.13774
0.472656 -3.13205
0.4729 -3.12513
0.473145 -3.11892
0.473389 -3.11515
0.473633 -3.11495
0.473877 -3.11847
0.474121 -3.12478
0.474365 -3.13213
0.474609 -3.13842
0.474854 3.1413
0.475098 3.14151
0.475342 -3.13795
0.475586 -3.13186
0.47583 -3.12512
0.476074 -3.11962
0.476318 -3.11692
0.476562 -3.11788
0.476807 -3.12233
0.477051 -3.12908
0.477295 -3.13624
0.477539 3.14143
0.477783 3.13906
0.478027 3.14042
0.478271 -3.13817
0.478516 -3.13168
0.47876 -3.12507
0.479004 -3.1202
0.479248 -3.11845
0.479492 -3.12041
0.479736 -3.12564
0.47998 -3.1327
0.480225 -3.13961
0.480469 3.13877
0.480713 3.13735
0.480957 3.13959
0.481201 -3.1384
0.481445 -3.13175
0.481689 -3.12548
0.481934 -3.12132
0.482178 -3.12047
0.482422 -3.12327
0.482666 -3.12899
0.48291 -3.13604
0.483154 3.14077
0.483398 3.13687
0.483643 3.13645
0.483887 3.13952
0.484131 -3.13806
0.484375 -3.1315
0.484619 -3.12581
0.484863 -3.1226
0.485107 -3.12282
0.485352 -3.12652
0.485596 -3.1327
0.48584 -3.13962
0.486084 3.13788
0.486328 3.13503
0.486572 3.13572
0.486816 3.13969
0.487061 -3.13743
0.487305 -3.13095
0.487549 -3.12585
0.487793 -3.12359
0.488037 -3.12488
0.488281 -3.12946
0.488525 -3.13609
0.48877 3.14029
0.489014 3.13523
0.489258 3.13332
0.489502 3.13499
0.489746 3.13971
0.48999 -3.13708
0.490234 -3.13075
0.490479 -3.12623
0.490723 -3.12482
0.490967 -3.12699
0.491211 -3.13221
0.491455 -3.13904
0.491699 3.13764
0.491943 3.1333
0.492188 3.13228
0.492432 3.13477
0.492676 3.13998
0.49292 -3.13675
0.493164 -3.13084
0.493408 -3.12711
0.493652 -3.12665
0.493896 -3.12968
0.494141 -3.13539
0.494385 3.141
0.494629 3.13507
0.494873 3.13168
0.495117 3.13172
0.495361 3.13508
0.495605 3.14077
0.49585 -3.136
0.496094 -3.13063
0.496338 -3.12784
0.496582 -3.12847
0.496826 -3.13244
0.49707 -3.13869
0.497314 3.13773
0.497559 3.13238
0.497803 3.12994
0.498047 3.13102
0.498291 3.13525
0.498535 3.1414
0.498779 -3.13539
0.499023 -3.13054
0.499268 -3.12859
0.499512 -3.13018
0.499756 -3.13494
0.5 3.14159
