19.5048 4.40407
19.4123 4.40163
19.3208 4.39825
19.23 4.3948
19.1402 4.39336
19.0512 4.39192
18.963 4.38964
18.8756 4.38817
18.789 4.38724
18.7032 4.38547
18.6182 4.38376
18.5339 4.38272
18.4505 4.38117
18.3677 4.37915
18.2857 4.37762
18.2044 4.37599
18.1239 4.37368
18.0441 4.37153
17.9649 4.36956
17.8865 4.36692
17.8087 4.36413
17.7316 4.36168
17.6552 4.35892
17.5794 4.35581
17.5043 4.35302
17.4298 4.35025
17.3559 4.34711
17.2827 4.34417
17.2101 4.34151
17.1381 4.3386
17.0667 4.33573
16.9959 4.33317
16.9256 4.33055
16.856 4.32782
16.7869 4.32545
16.7184 4.3232
16.6504 4.32078
16.583 4.31856
16.5161 4.31658
16.4498 4.31445
16.384 4.31232
16.3187 4.31045
16.254 4.30851
16.1897 4.30642
16.126 4.30443
16.0627 4.30245
16 4.30024
15.9377 4.29809
15.876 4.29605
15.8147 4.29381
15.7538 4.29149
15.6935 4.28931
15.6336 4.28702
15.5741 4.28457
15.5152 4.28225
15.4566 4.27994
15.3985 4.27745
15.3408 4.27502
15.2836 4.27263
15.2268 4.27011
15.1704 4.26758
15.1144 4.26523
15.0588 4.26287
15.0037 4.26044
14.9489 4.25817
14.8945 4.25599
14.8406 4.25371
14.787 4.25154
14.7338 4.24951
14.681 4.24741
14.6286 4.24531
14.5765 4.24337
14.5248 4.24132
14.4735 4.23919
14.4225 4.23715
14.3719 4.23515
14.3217 4.23304
14.2718 4.23096
14.2222 4.22895
14.173 4.22684
14.1241 4.22469
14.0756 4.22262
14.0274 4.2205
13.9795 4.21828
13.932 4.21614
13.8847 4.214
13.8378 4.21174
13.7912 4.20944
13.745 4.20721
13.699 4.20492
13.6533 4.20263
13.608 4.20043
13.5629 4.19823
13.5182 4.19599
13.4737 4.19385
13.4295 4.19176
13.3856 4.18962
13.342 4.18755
13.2987 4.18556
13.2557 4.18353
13.2129 4.18152
13.1704 4.17956
13.1282 4.17752
13.0863 4.17546
13.0446 4.17347
13.0032 4.17149
12.962 4.16945
12.9211 4.16744
12.8805 4.16547
12.8401 4.16344
12.8 4.16138
12.7601 4.15939
12.7205 4.15735
12.6811 4.15526
12.642 4.15322
12.6031 4.15118
12.5644 4.14905
12.526 4.1469
12.4878 4.14478
12.4498 4.14262
12.4121 4.14046
12.3746 4.13838
12.3373 4.13628
12.3003 4.13417
12.2635 4.13213
12.2269 4.13011
12.1905 4.12807
12.1543 4.12608
12.1183 4.12414
12.0826 4.12217
12.0471 4.12023
12.0117 4.11835
11.9766 4.11639
11.9417 4.11436
11.907 4.1124
11.8725 4.11042
11.8382 4.10841
11.804 4.10643
11.7701 4.10447
11.7364 4.10245
11.7029 4.10044
11.6695 4.09846
11.6364 4.09643
11.6034 4.09438
11.5706 4.09237
11.538 4.09034
11.5056 4.08827
11.4734 4.08624
11.4413 4.08422
11.4095 4.08204
11.3778 4.07983
11.3463 4.07766
11.3149 4.07546
11.2837 4.07328
11.2527 4.07114
11.2219 4.069
11.1913 4.06684
11.1608 4.06473
11.1304 4.06264
11.1003 4.06052
11.0703 4.05842
11.0404 4.05636
11.0108 4.05426
10.9812 4.05217
10.9519 4.0501
10.9227 4.048
10.8936 4.04589
10.8647 4.0436
10.836 4.04121
10.8074 4.03878
10.7789 4.03636
10.7507 4.03395
10.7225 4.03149
10.6945 4.02903
10.6667 4.02659
10.639 4.02412
10.6114 4.02163
10.584 4.01917
10.5567 4.01669
10.5296 4.01419
10.5026 4.01172
10.4757 4.00927
10.449 4.00677
10.4224 4.00431
10.3959 4.00187
10.3696 3.99939
10.3434 3.9969
10.3174 3.99412
10.2915 3.99128
10.2657 3.98844
10.24 3.98561
10.2145 3.98279
10.1891 3.97993
10.1638 3.97709
10.1386 3.97426
10.1136 3.97138
10.0887 3.96851
10.0639 3.96565
10.0392 3.96275
10.0147 3.95985
9.99024 3.95696
9.96594 3.95406
9.94175 3.95113
9.91768 3.94822
9.89372 3.94532
9.86988 3.94239
9.84615 3.93948
9.82254 3.93658
9.79904 3.93367
9.77566 3.93044
9.75238 3.92713
9.72922 3.92379
9.70616 3.92046
9.68322 3.91716
9.66038 3.91384
9.63765 3.9105
9.61502 3.90719
9.59251 3.90386
9.57009 3.9005
9.54779 3.89716
9.52558 3.89382
9.50348 3.89045
9.48148 3.88708
9.45958 3.88372
9.43779 3.88034
9.41609 3.87696
9.3945 3.8736
9.373 3.87023
9.3516 3.86686
9.3303 3.86353
9.30909 3.86019
9.28798 3.85687
9.26697 3.85332
9.24605 3.84962
9.22523 3.8459
9.20449 3.84222
9.18386 3.83854
9.16331 3.83484
9.14286 3.83115
9.12249 3.82746
9.10222 3.82373
9.08204 3.81997
9.06195 3.81621
9.04194 3.81238
9.02203 3.80851
9.0022 3.8046
8.98246 3.80063
8.9628 3.79658
8.94323 3.79247
8.92375 3.78829
8.90435 3.78308
8.88503 3.77765
8.8658 3.77215
8.84665 3.76659
8.82759 3.761
8.8086 3.75536
8.7897 3.74967
8.77088 3.74397
8.75214 3.73826
8.73348 3.73253
8.71489 3.72681
8.69639 3.72111
8.67797 3.71542
8.65962 3.70977
8.64135 3.70417
8.62316 3.6986
8.60504 3.69309
8.587 3.68765
8.56904 3.68226
8.55115 3.67692
8.53333 3.67166
8.51559 3.66643
8.49793 3.66125
8.48033 3.65611
8.46281 3.65099
8.44536 3.64586
8.42798 3.64074
8.41068 3.63558
8.39344 3.63038
8.37628 3.62512
8.35918 3.61978
8.34216 3.61434
8.3252 3.6088
8.30832 3.60275
8.2915 3.59555
8.27475 3.5883
8.25806 3.58092
8.24145 3.57342
8.2249 3.56588
8.20842 3.55829
8.192 3.55067
8.17565 3.5431
8.15936 3.53555
8.14314 3.52803
8.12698 3.5206
8.11089 3.51323
8.09486 3.50591
8.0789 3.49867
8.06299 3.49148
8.04715 3.48432
8.03137 3.47722
8.01566 3.47015
8 3.46309
7.98441 3.45606
7.96887 3.44904
7.9534 3.44198
7.93798 3.43491
7.92263 3.4278
7.90734 3.42018
7.8921 3.41208
7.87692 3.40382
7.8618 3.39532
7.84674 3.38639
7.83174 3.37597
7.81679 3.36533
7.8019 3.35446
7.78707 3.34348
7.7723 3.33252
7.75758 3.32159
7.74291 3.3108
7.7283 3.30014
7.71375 3.28958
7.69925 3.27911
7.6848 3.26868
7.67041 3.25823
7.65607 3.2478
7.64179 3.23735
7.62756 3.22693
7.61338 3.21657
7.59926 3.20628
7.58519 3.19608
7.57116 3.18597
7.5572 3.17589
7.54328 3.16587
7.52941 3.15585
7.5156 3.14584
7.50183 3.13586
7.48812 3.1259
7.47445 3.11599
7.46084 3.10617
7.44727 3.0964
7.43376 3.0867
7.42029 3.07704
7.40687 3.0674
7.3935 3.05779
7.38018 3.04819
7.36691 3.03861
7.35368 3.02909
7.3405 3.01961
7.32737 3.0102
7.31429 3.00085
7.30125 2.99153
7.28826 2.98226
7.27531 2.97299
7.26241 2.96375
7.24956 2.95453
7.23675 2.94535
7.22399 2.93623
7.21127 2.92716
7.19859 2.91813
7.18596 2.90916
7.17338 2.9002
7.16084 2.89127
7.14834 2.88236
7.13589 2.87347
7.12348 2.86463
7.11111 2.85583
7.09879 2.84709
7.08651 2.83839
7.07427 2.82971
7.06207 2.82107
7.04991 2.81245
7.0378 2.80384
7.02573 2.79528
7.0137 2.78675
7.00171 2.77827
6.98976 2.76984
6.97785 2.76143
6.96599 2.75305
6.95416 2.74469
6.94237 2.73636
6.93063 2.72807
6.91892 2.7198
6.90725 2.71159
6.89562 2.70339
6.88403 2.69522
6.87248 2.68709
6.86097 2.67897
6.8495 2.67095
6.83806 2.66303
6.82667 2.65554
6.81531 2.64823
6.80399 2.64101
6.7927 2.63386
6.78146 2.62674
6.77025 2.61961
6.75908 2.61249
6.74794 2.60536
6.73684 2.59826
6.72578 2.5912
6.71475 2.5842
6.70376 2.57724
6.69281 2.57032
6.68189 2.5634
6.67101 2.55649
6.66016 2.54956
6.64935 2.54267
6.63857 2.5358
6.62783 2.52899
6.61712 2.52227
6.60645 2.51562
6.59581 2.50932
6.58521 2.50317
6.57464 2.4971
6.5641 2.49108
6.5536 2.48511
6.54313 2.47917
6.5327 2.47323
6.52229 2.4673
6.51192 2.46137
6.50159 2.45545
6.49128 2.44956
6.48101 2.44369
6.47077 2.43787
6.46057 2.43209
6.45039 2.42632
6.44025 2.42057
6.43014 2.4148
6.42006 2.40903
6.41002 2.40328
6.4 2.39757
6.39002 2.39195
6.38006 2.3864
6.37014 2.38118
6.36025 2.37614
6.35039 2.37115
6.34056 2.3662
6.33076 2.36129
6.32099 2.35638
6.31125 2.35149
6.30154 2.3466
6.29186 2.34172
6.28221 2.33687
6.27259 2.33202
6.263 2.3272
6.25344 2.3224
6.2439 2.31762
6.2344 2.31285
6.22492 2.3081
6.21548 2.30335
6.20606 2.29862
6.19667 2.2939
6.18731 2.28921
6.17798 2.28454
6.16867 2.27989
6.1594 2.27525
6.15015 2.27061
6.14093 2.26597
6.13174 2.26135
6.12257 2.25676
6.11343 2.25224
6.10432 2.24783
6.09524 2.24379
6.08618 2.23984
6.07715 2.23597
6.06815 2.23212
6.05917 2.22829
6.05022 2.22445
6.0413 2.22061
6.0324 2.21677
6.02353 2.21294
6.01468 2.20913
6.00587 2.20535
5.99707 2.20158
5.9883 2.19783
5.97956 2.19409
5.97085 2.19034
5.96215 2.1866
5.95349 2.18288
5.94485 2.17916
5.93623 2.17547
5.92764 2.1718
5.91908 2.16814
5.91053 2.16449
5.90202 2.16084
5.89353 2.15719
5.88506 2.15356
5.87661 2.14994
5.86819 2.14634
5.8598 2.14276
5.85143 2.13919
5.84308 2.13562
5.83476 2.13205
5.82646 2.1285
5.81818 2.12495
5.80993 2.12142
5.8017 2.11792
5.79349 2.11443
5.78531 2.11094
5.77715 2.10745
5.76901 2.10395
5.7609 2.10047
5.75281 2.09704
5.74474 2.09367
5.73669 2.09057
5.72867 2.08763
5.72067 2.08475
5.71269 2.08189
5.70474 2.07905
5.6968 2.0762
5.68889 2.07335
5.681 2.0705
5.67313 2.06765
5.66528 2.06482
5.65746 2.06201
5.64966 2.05921
5.64187 2.05642
5.63411 2.05364
5.62637 2.05085
5.61866 2.04807
5.61096 2.04529
5.60328 2.04253
5.59563 2.03978
5.58799 2.03704
5.58038 2.03432
5.57279 2.0316
5.56522 2.02888
5.55767 2.02616
5.55014 2.02345
5.54263 2.02075
5.53514 2.01806
5.52767 2.01539
5.52022 2.01273
5.51279 2.01006
5.50538 2.00741
5.49799 2.00475
5.49062 2.0021
5.48327 1.99947
5.47594 1.99684
5.46862 1.99423
5.46133 1.99162
5.45406 1.98902
5.44681 1.98643
5.43958 1.98383
5.43236 1.98124
5.42517 1.97866
5.41799 1.9761
5.41083 1.97355
5.40369 1.97099
5.39657 1.96845
5.38947 1.9659
5.38239 1.96335
5.37533 1.96084
5.36828 1.95836
5.36126 1.95603
5.35425 1.95383
5.34726 1.95165
5.34029 1.94951
5.33333 1.94738
5.3264 1.94524
5.31948 1.9431
5.31258 1.94095
5.3057 1.9388
5.29884 1.93667
5.29199 1.93455
5.28516 1.93245
5.27835 1.93035
5.27156 1.92826
5.26478 1.92617
5.25802 1.92406
5.25128 1.92197
5.24456 1.91988
5.23785 1.9178
5.23116 1.91574
5.22449 1.91369
5.21783 1.91164
5.2112 1.9096
5.20457 1.90754
5.19797 1.9055
5.19138 1.90345
5.18481 1.90141
5.17826 1.89939
5.17172 1.89738
5.1652 1.89538
5.15869 1.89338
5.1522 1.89138
5.14573 1.88938
5.13927 1.88737
5.13283 1.88537
5.12641 1.88338
5.12 1.88141
5.11361 1.87946
5.10723 1.87752
5.10087 1.87566
5.09453 1.87386
5.0882 1.87206
5.08189 1.87028
5.07559 1.86852
5.06931 1.86677
5.06304 1.86503
5.05679 1.86328
5.05055 1.86153
5.04433 1.85979
5.03813 1.85803
5.03194 1.85629
5.02577 1.85455
5.01961 1.85283
5.01346 1.85112
5.00733 1.84941
5.00122 1.84771
4.99512 1.846
4.98904 1.84428
4.98297 1.84258
4.97691 1.84087
4.97087 1.83918
4.96485 1.8375
4.95884 1.83583
4.95284 1.83416
4.94686 1.83249
4.94089 1.83081
4.93494 1.82914
4.929 1.82746
4.92308 1.8258
4.91717 1.82417
4.91127 1.82258
4.90539 1.82103
4.89952 1.81949
4.89367 1.81794
4.88783 1.81641
4.882 1.81486
4.87619 1.81332
4.87039 1.81179
4.86461 1.81026
4.85884 1.80875
4.85308 1.80724
4.84734 1.80573
4.84161 1.80423
4.83589 1.80271
4.83019 1.8012
4.8245 1.79969
4.81882 1.79819
4.81316 1.79671
4.80751 1.79523
4.80188 1.79375
4.79625 1.79228
4.79064 1.7908
4.78505 1.78932
4.77946 1.78784
4.77389 1.78636
4.76834 1.7849
4.76279 1.78344
4.75726 1.78201
4.75174 1.78056
4.74623 1.77912
4.74074 1.77771
4.73526 1.77631
4.72979 1.77492
4.72434 1.77355
4.71889 1.77218
4.71346 1.77084
4.70805 1.76949
4.70264 1.76814
4.69725 1.76678
4.69187 1.76541
4.6865 1.76405
4.68114 1.76269
4.6758 1.76135
4.67047 1.76003
4.66515 1.7587
4.65984 1.75738
4.65455 1.75606
4.64926 1.75472
4.64399 1.75339
4.63873 1.75205
4.63348 1.75072
4.62825 1.74942
4.62302 1.74811
4.61781 1.74683
4.61261 1.74553
4.60742 1.74423
4.60225 1.74293
4.59708 1.74162
4.59193 1.74034
4.58679 1.73909
4.58166 1.73784
4.57654 1.73663
4.57143 1.73541
4.56633 1.73418
4.56125 1.73295
4.55617 1.73168
4.55111 1.73043
4.54606 1.72918
4.54102 1.72794
4.53599 1.72676
4.53097 1.72556
4.52597 1.72438
4.52097 1.72318
4.51599 1.72193
4.51101 1.7207
4.50605 1.71945
4.5011 1.71822
4.49616 1.71706
4.49123 1.71588
4.48631 1.71477
4.4814 1.71365
4.4765 1.71246
4.47162 1.71129
4.46674 1.71003
4.46187 1.70882
4.45702 1.70769
4.45217 1.70655
4.44734 1.70559
4.44252 1.70459
4.4377 1.70348
4.4329 1.70246
4.42811 1.69953
4.42333 1.6988
4.41855 1.70119
4.41379 1.70458
4.40904 1.70745
4.4043 1.70815
4.39957 1.70972
4.39485 1.71276
4.39014 1.71519
4.38544 1.71561
4.38075 1.71757
4.37607 1.7206
4.3714 1.72254
4.36674 1.72293
4.36209 1.72534
4.35745 1.72829
4.35282 1.72963
4.3482 1.73035
4.34358 1.73308
4.33898 1.73584
4.33439 1.73659
4.32981 1.73787
4.32524 1.74081
4.32068 1.74322
4.31612 1.74359
4.31158 1.74549
4.30705 1.74849
4.30252 1.75039
4.29801 1.75076
4.2935 1.75315
4.28901 1.7561
4.28452 1.75738
4.28004 1.75809
4.27557 1.76086
4.27112 1.7636
4.26667 1.76426
4.26223 1.76559
4.2578 1.76856
4.25337 1.77093
4.24896 1.77123
4.24456 1.77319
4.24017 1.77624
4.23578 1.77805
4.2314 1.77838
4.22704 1.78088
4.22268 1.78382
4.21833 1.78497
4.21399 1.78574
4.20966 1.78857
4.20534 1.79129
4.20103 1.79184
4.19672 1.79324
4.19243 1.79629
4.18814 1.79855
4.18386 1.79882
4.17959 1.80087
4.17533 1.80393
4.17108 1.80565
4.16684 1.80599
4.1626 1.80855
4.15838 1.81151
4.15416 1.81252
4.14995 1.81337
4.14575 1.81627
4.14156 1.81894
4.13737 1.81937
4.1332 1.8209
4.12903 1.82397
4.12487 1.82619
4.12072 1.82637
4.11658 1.82853
4.11245 1.83164
4.10832 1.83321
4.10421 1.83355
4.1001 1.83626
4.096 1.83918
4.09191 1.84004
4.08782 1.84099
4.08375 1.84396
4.07968 1.84658
4.07562 1.84687
4.07157 1.84856
4.06753 1.85167
4.06349 1.85376
4.05946 1.85391
4.05545 1.85621
4.05143 1.8593
4.04743 1.86074
4.04344 1.86116
4.03945 1.86392
4.03547 1.86684
4.0315 1.86753
4.02753 1.86863
4.02358 1.87164
4.01963 1.8742
4.01569 1.87438
4.01175 1.8762
4.00783 1.87935
4.00391 1.88134
4 1.88142
3.9961 1.8839
3.9922 1.88696
3.98832 1.88829
3.98444 1.88871
3.98056 1.8916
3.9767 1.8945
3.97284 1.89502
3.96899 1.89624
3.96515 1.89931
3.96132 1.90182
3.95749 1.90188
3.95367 1.90385
3.94986 1.90701
3.94605 1.9089
3.94225 1.90898
3.93846 1.91155
3.93468 1.91462
3.9309 1.91575
3.92713 1.91632
3.92337 1.91926
3.91962 1.92216
3.91587 1.92242
3.91213 1.9239
3.9084 1.92698
3.90467 1.9294
3.90095 1.92936
3.89724 1.93154
3.89354 1.93464
3.88984 1.93648
3.88615 1.93651
3.88246 1.9392
3.87879 1.9423
3.87512 1.94326
3.87146 1.94389
3.8678 1.94696
3.86415 1.94973
3.86051 1.94995
3.85687 1.95154
3.85325 1.95466
3.84962 1.95697
3.84601 1.9569
3.8424 1.95915
3.8388 1.96232
3.83521 1.96394
3.83162 1.96408
3.82804 1.96688
3.82446 1.96993
3.8209 1.97074
3.81733 1.97146
3.81378 1.97463
3.81023 1.97736
3.80669 1.97746
3.80316 1.97907
3.79963 1.98236
3.79611 1.98454
3.79259 1.98439
3.78908 1.98681
3.78558 1.99003
3.78209 1.99143
3.7786 1.99168
3.77512 1.99455
3.77164 1.99748
3.76817 1.99828
3.76471 1.99905
3.76125 2.00231
3.7578 2.00491
3.75435 2.00496
3.75092 2.00673
3.74748 2.01006
3.74406 2.01202
3.74064 2.01188
3.73723 2.01446
3.73382 2.01767
3.73042 2.01891
3.72702 2.01921
3.72364 2.0222
3.72025 2.02521
3.71688 2.02557
3.71351 2.0268
3.71014 2.02991
3.70679 2.03252
3.70344 2.03232
3.70009 2.03438
3.69675 2.03766
3.69342 2.03962
3.69009 2.03941
3.68677 2.04209
3.68345 2.04534
3.68014 2.04632
3.67684 2.04681
3.67354 2.04987
3.67025 2.05282
3.66697 2.05299
3.66369 2.05433
3.66041 2.05761
3.65714 2.06017
3.65388 2.05976
3.65062 2.06199
3.64737 2.0654
3.64413 2.06705
3.64089 2.067
3.63766 2.06972
3.63443 2.07298
3.63121 2.0738
3.62799 2.07434
3.62478 2.07758
3.62157 2.08039
3.61837 2.0804
3.61518 2.082
3.61199 2.08522
3.60881 2.08769
3.60563 2.08731
3.60246 2.08965
3.5993 2.09301
3.59614 2.09454
3.59298 2.09456
3.58983 2.09731
3.58669 2.10071
3.58355 2.10102
3.58042 2.10198
3.57729 2.10519
3.57417 2.10809
3.57105 2.10782
3.56794 2.10957
3.56484 2.11298
3.56174 2.11514
3.55864 2.11482
3.55556 2.11729
3.55247 2.12066
3.54939 2.1219
3.54632 2.12217
3.54325 2.12499
3.54019 2.12821
3.53713 2.12877
3.53408 2.12942
3.53103 2.13285
3.52799 2.13568
3.52496 2.13524
3.52193 2.13717
3.5189 2.14064
3.51588 2.1427
3.51286 2.14219
3.50985 2.14499
3.50685 2.14839
3.50385 2.14922
3.50085 2.14969
3.49787 2.15264
3.49488 2.15587
3.4919 2.15601
3.48893 2.15714
3.48596 2.1605
3.48299 2.16316
3.48003 2.16282
3.47708 2.16474
3.47413 2.16827
3.47119 2.17025
3.46825 2.16963
3.46531 2.17267
3.46238 2.17589
3.45946 2.17691
3.45654 2.17706
3.45363 2.18036
3.45072 2.1835
3.44781 2.1834
3.44491 2.18464
3.44202 2.18821
3.43913 2.19072
3.43624 2.19017
3.43336 2.19249
3.43049 2.19582
3.42762 2.19774
3.42475 2.19725
3.42189 2.20023
3.41903 2.20359
3.41618 2.20424
3.41333 2.20464
3.41049 2.20804
3.40765 2.21105
3.40482 2.21077
3.40199 2.21229
3.39917 2.2159
3.39635 2.21819
3.39354 2.21755
3.39073 2.22002
3.38792 2.22365
3.38512 2.22505
3.38233 2.22476
3.37954 2.22789
3.37675 2.23121
3.37397 2.23167
3.37119 2.23223
3.36842 2.23571
3.36565 2.23873
3.36289 2.238
3.36013 2.23989
3.35738 2.24353
3.35463 2.24573
3.35188 2.24503
3.34914 2.24774
3.34641 2.25128
3.34367 2.25231
3.34095 2.25229
3.33822 2.25566
3.3355 2.25872
3.33279 2.25892
3.33008 2.25977
3.32738 2.26333
3.32468 2.26643
3.32198 2.26535
3.31929 2.26761
3.3166 2.2712
3.31392 2.27313
3.31124 2.27251
3.30856 2.2754
3.30589 2.27886
3.30323 2.27973
3.30056 2.27985
3.29791 2.28316
3.29525 2.28648
3.2926 2.28624
3.28996 2.28736
3.28732 2.29112
3.28468 2.29374
3.28205 2.29275
3.27942 2.29522
3.2768 2.29894
3.27418 2.30046
3.27157 2.30009
3.26895 2.30297
3.26635 2.30653
3.26375 2.30705
3.26115 2.30735
3.25855 2.31089
3.25596 2.31399
3.25338 2.3137
3.25079 2.31497
3.24822 2.31878
3.24564 2.32115
3.24307 2.32044
3.24051 2.32269
3.23794 2.32657
3.23539 2.3279
3.23283 2.32754
3.23028 2.33062
3.22774 2.33415
3.2252 2.33449
3.22266 2.33494
3.22013 2.3385
3.2176 2.34172
3.21507 2.34071
3.21255 2.34252
3.21003 2.34649
3.20752 2.34862
3.20501 2.34774
3.2025 2.35038
3.2 2.35433
3.1975 2.35515
3.19501 2.35498
3.19252 2.35825
3.19003 2.36204
3.18755 2.36134
3.18507 2.3625
3.1826 2.36635
3.18012 2.36916
3.17766 2.36822
3.17519 2.37041
3.17273 2.37383
3.17028 2.37628
3.16783 2.37495
3.16538 2.37814
3.16293 2.382
3.16049 2.38229
3.15806 2.38261
3.15562 2.38609
3.15319 2.38929
3.15077 2.38892
3.14835 2.39012
3.14593 2.39384
3.14351 2.39675
3.1411 2.39542
3.1387 2.39805
3.13629 2.40163
3.13389 2.40349
3.1315 2.40252
3.12911 2.40586
3.12672 2.40938
3.12433 2.40982
3.12195 2.41018
3.11957 2.41355
3.1172 2.41697
3.11483 2.41634
3.11246 2.41771
3.1101 2.42152
3.10774 2.42424
3.10538 2.42294
3.10303 2.42555
3.10068 2.42942
3.09834 2.4305
3.09599 2.43043
3.09366 2.4331
3.09132 2.43711
3.08899 2.43743
3.08666 2.43751
3.08434 2.44131
3.08202 2.44455
3.0797 2.44378
3.07739 2.44498
3.07508 2.44929
3.07277 2.45186
3.07046 2.45008
3.06816 2.45323
3.06587 2.45707
3.06358 2.45821
3.06129 2.45764
3.059 2.46081
3.05672 2.46491
3.05444 2.46412
3.05216 2.46516
3.04989 2.46901
3.04762 2.47217
3.04535 2.47078
3.04309 2.47296
3.04083 2.47688
3.03858 2.47886
3.03632 2.47768
3.03407 2.48087
3.03183 2.4845
3.02959 2.48536
3.02735 2.48509
3.02511 2.48886
3.02288 2.49224
3.02065 2.4914
3.01842 2.49287
3.0162 2.49657
3.01398 2.49949
3.01176 2.49829
3.00955 2.5004
3.00734 2.50459
3.00514 2.50627
3.00293 2.50553
3.00073 2.50824
2.99854 2.51242
2.99634 2.51244
2.99415 2.5125
2.99196 2.51652
2.98978 2.51972
2.9876 2.51895
2.98542 2.52022
2.98325 2.5245
2.98108 2.52658
2.97891 2.52562
2.97674 2.52805
2.97458 2.53222
2.97242 2.53339
2.97027 2.5327
2.96812 2.53604
2.96597 2.53996
2.96382 2.5399
2.96168 2.54004
2.95954 2.5442
2.9574 2.54721
2.95527 2.54631
2.95314 2.5481
2.95101 2.55158
2.94888 2.55458
2.94676 2.55276
2.94464 2.55587
2.94253 2.55958
2.94042 2.56113
2.93831 2.55999
2.9362 2.56371
2.9341 2.56734
2.932 2.56726
2.9299 2.56766
2.92781 2.57155
2.92571 2.57516
2.92363 2.57296
2.92154 2.57555
2.91946 2.57975
2.91738 2.58166
2.9153 2.58027
2.91323 2.58337
2.91116 2.5872
2.90909 2.58875
2.90703 2.58709
2.90496 2.59138
2.90291 2.5953
2.90085 2.59415
2.8988 2.59542
2.89675 2.59913
2.8947 2.6027
2.89266 2.60041
2.89061 2.60312
2.88858 2.60714
2.88654 2.60938
2.88451 2.60751
2.88248 2.61105
2.88045 2.61522
2.87843 2.61539
2.8764 2.61493
2.87439 2.61909
2.87237 2.62256
2.87036 2.62175
2.86835 2.62263
2.86634 2.62694
2.86434 2.63028
2.86233 2.62757
2.86034 2.63093
2.85834 2.63482
2.85635 2.63644
2.85436 2.63497
2.85237 2.63877
2.85038 2.6426
2.8484 2.64222
2.84642 2.64276
2.84444 2.6468
2.84247 2.64994
2.8405 2.64875
2.83853 2.65068
2.83657 2.6542
2.8346 2.65734
2.83264 2.6557
2.83068 2.65795
2.82873 2.66269
2.82678 2.66396
2.82483 2.66222
2.82288 2.66646
2.82094 2.67005
2.819 2.67011
2.81706 2.67
2.81512 2.67426
2.81319 2.67762
2.81126 2.67656
2.80933 2.67761
2.8074 2.68248
2.80548 2.68438
2.80356 2.68268
2.80164 2.68602
2.79973 2.69015
2.79781 2.69068
2.7959 2.6899
2.794 2.69387
2.79209 2.69767
2.79019 2.69782
2.78829 2.69721
2.78639 2.70225
2.7845 2.70509
2.78261 2.70301
2.78072 2.70546
2.77883 2.70975
2.77695 2.7128
2.77507 2.70964
2.77319 2.71374
2.77131 2.7179
2.76944 2.71784
2.76757 2.71747
2.7657 2.72193
2.76383 2.72483
2.76197 2.72392
2.76011 2.72531
2.75825 2.72993
2.75639 2.73205
2.75454 2.7306
2.75269 2.73307
2.75084 2.73756
2.74899 2.7393
2.74715 2.73756
2.74531 2.74104
2.74347 2.74534
2.74163 2.74508
2.7398 2.74502
2.73797 2.74941
2.73614 2.75298
2.73431 2.75072
2.73249 2.75317
2.73067 2.75708
2.72885 2.76011
2.72703 2.75714
2.72522 2.76092
2.7234 2.76541
2.72159 2.76596
2.71979 2.76494
2.71798 2.76912
2.71618 2.77305
2.71438 2.77172
2.71258 2.77298
2.71079 2.77663
2.70899 2.78047
2.7072 2.77799
2.70542 2.78062
2.70363 2.78453
2.70185 2.78767
2.70007 2.78509
2.69829 2.7883
2.69651 2.79273
2.69474 2.79354
2.69297 2.7922
2.6912 2.79639
2.68943 2.80082
2.68766 2.79861
2.6859 2.8003
2.68414 2.80442
2.68238 2.80789
2.68063 2.80569
2.67888 2.80781
2.67712 2.81249
2.67538 2.81483
2.67363 2.81226
2.67189 2.81624
2.67014 2.82033
2.6684 2.8211
2.66667 2.81927
2.66493 2.82473
2.6632 2.82751
2.66147 2.82685
2.65974 2.82757
2.65801 2.83206
2.65629 2.83506
2.65457 2.83261
2.65285 2.83591
2.65113 2.83992
2.64942 2.84224
2.64771 2.83911
2.64599 2.84374
2.64429 2.84824
2.64258 2.84747
2.64088 2.84714
2.63918 2.85192
2.63748 2.85547
2.63578 2.85301
2.63408 2.85507
2.63239 2.86028
2.6307 2.86175
2.62901 2.85993
2.62733 2.86314
2.62564 2.86788
2.62396 2.869
2.62228 2.86681
2.6206 2.87163
2.61893 2.87551
2.61725 2.87366
2.61558 2.87518
2.61391 2.87943
2.61224 2.88274
2.61058 2.88065
2.60892 2.88274
2.60726 2.88748
2.6056 2.88999
2.60394 2.88707
2.60229 2.89118
2.60063 2.89495
2.59898 2.89571
2.59734 2.89489
2.59569 2.8988
2.59405 2.90296
2.59241 2.90133
2.59077 2.90241
2.58913 2.90693
2.58749 2.91074
2.58586 2.90701
2.58423 2.91043
2.5826 2.91551
2.58097 2.91612
2.57935 2.91494
2.57772 2.91847
2.5761 2.92255
2.57448 2.92343
2.57286 2.9218
2.57125 2.92681
2.56964 2.93031
2.56803 2.92892
2.56642 2.92967
2.56481 2.93456
2.5632 2.93797
2.5616 2.93464
2.56 2.93774
2.5584 2.9431
2.5568 2.94338
2.55521 2.942
2.55362 2.946
2.55202 2.95076
2.55044 2.94936
2.54885 2.94948
2.54726 2.95421
2.54568 2.95833
2.5441 2.95506
2.54252 2.9578
2.54094 2.96229
2.53937 2.96496
2.53779 2.96175
2.53622 2.96555
2.53465 2.97024
2.53309 2.97115
2.53152 2.96948
2.52996 2.97354
2.5284 2.97818
2.52684 2.9762
2.52528 2.9775
2.52372 2.98153
2.52217 2.98518
2.52062 2.98337
2.51907 2.98489
2.51752 2.98955
2.51597 2.99236
2.51443 2.98981
2.51288 2.99289
2.51134 2.99773
2.5098 2.99855
2.50827 2.99636
2.50673 3.00101
2.5052 3.00597
2.50367 3.00364
2.50214 3.00431
2.50061 3.0096
2.49908 3.01298
2.49756 3.00968
2.49604 3.01263
2.49452 3.01712
2.493 3.02013
2.49148 3.01633
2.48997 3.02043
2.48846 3.02633
2.48695 3.02496
2.48544 3.02411
2.48393 3.02869
2.48242 3.03282
2.48092 3.03124
2.47942 3.03186
2.47792 3.03691
2.47642 3.04011
2.47492 3.036
2.47343 3.04079
2.47194 3.04524
2.47045 3.04567
2.46896 3.04394
2.46747 3.04829
2.46598 3.05269
2.4645 3.05303
2.46302 3.05123
2.46154 3.05612
2.46006 3.06044
2.45858 3.05908
2.45711 3.05925
2.45564 3.06445
2.45416 3.06802
2.45269 3.06353
2.45123 3.06759
2.44976 3.07282
2.4483 3.07365
2.44683 3.07084
2.44537 3.07632
2.44391 3.08024
2.44246 3.07877
2.441 3.07897
2.43955 3.08456
2.4381 3.08723
2.43664 3.08502
2.4352 3.08712
2.43375 3.09211
2.4323 3.09443
2.43086 3.09155
2.42942 3.0949
2.42798 3.1
2.42654 3.10142
2.4251 3.09874
2.42367 3.10339
2.42224 3.10745
2.4208 3.10669
2.41937 3.10616
2.41795 3.11139
2.41652 3.11635
2.41509 3.11185
2.41367 3.11449
2.41225 3.11938
2.41083 3.12335
2.40941 3.11804
2.408 3.12287
2.40658 3.12814
2.40517 3.12669
2.40376 3.12628
2.40235 3.13059
2.40094 3.13614
2.39953 3.13262
2.39813 3.13358
2.39672 3.13976
2.39532 3.14296
2.39392 3.13856
2.39252 3.14229
2.39113 3.1469
2.38973 3.14965
2.38834 3.14583
2.38695 3.14995
2.38556 3.15603
2.38417 3.15228
2.38278 3.15356
2.3814 3.15896
2.38001 3.16376
2.37863 3.15892
2.37725 3.16185
2.37587 3.16713
2.37449 3.16936
2.37312 3.1663
2.37174 3.16974
2.37037 3.17461
2.369 3.17498
2.36763 3.17329
2.36626 3.1781
2.3649 3.18276
2.36353 3.18071
2.36217 3.18111
2.36081 3.18615
2.35945 3.19005
2.35809 3.18654
2.35673 3.18855
2.35538 3.19506
2.35402 3.19601
2.35267 3.19369
2.35132 3.19725
2.34997 3.20239
2.34862 3.20291
2.34728 3.20019
2.34593 3.20539
2.34459 3.21067
2.34325 3.20732
2.34191 3.20789
2.34057 3.21435
2.33923 3.21721
2.3379 3.21405
2.33657 3.21612
2.33523 3.22238
2.3339 3.22391
2.33257 3.22008
2.33125 3.22487
2.32992 3.23029
2.3286 3.2286
2.32727 3.22792
2.32595 3.23326
2.32463 3.23777
2.32331 3.23332
2.322 3.23644
2.32068 3.24089
2.31937 3.24563
2.31805 3.23883
2.31674 3.24436
2.31543 3.24997
2.31412 3.25003
2.31282 3.24774
2.31151 3.25257
2.31021 3.25719
2.30891 3.25569
2.30761 3.25534
2.30631 3.26039
2.30501 3.26476
2.30371 3.26226
2.30242 3.26291
2.30112 3.26925
2.29983 3.2722
2.29854 3.26659
2.29725 3.27184
2.29596 3.27716
2.29468 3.27844
2.29339 3.27428
2.29211 3.27998
2.29083 3.2851
2.28955 3.2826
2.28827 3.28256
2.28699 3.2883
2.28571 3.29305
2.28444 3.28711
2.28317 3.29085
2.28189 3.29686
2.28062 3.29896
2.27935 3.29416
2.27809 3.29905
2.27682 3.3043
2.27556 3.30668
2.27429 3.30271
2.27303 3.30735
2.27177 3.31252
2.27051 3.30894
2.26925 3.30961
2.268 3.31599
2.26674 3.32032
2.26549 3.31372
2.26423 3.31859
2.26298 3.32394
2.26173 3.3271
2.26049 3.32118
2.25924 3.32728
2.25799 3.33203
2.25675 3.33021
2.25551 3.32917
2.25427 3.33493
2.25303 3.34071
2.25179 3.33481
2.25055 3.33749
2.24931 3.34328
2.24808 3.34746
2.24685 3.34206
2.24561 3.34558
2.24438 3.35207
2.24315 3.35247
2.24193 3.3485
2.2407 3.35429
2.23948 3.35964
2.23825 3.35745
2.23703 3.35599
2.23581 3.36293
2.23459 3.36756
2.23337 3.36236
2.23215 3.36411
2.23094 3.372
2.22972 3.37343
2.22851 3.36967
2.2273 3.37275
2.22609 3.3801
2.22488 3.37937
2.22367 3.37564
2.22246 3.38218
2.22126 3.38681
2.22005 3.38435
2.21885 3.38433
2.21765 3.39013
2.21645 3.39462
2.21525 3.38862
2.21405 3.39195
2.21286 3.39891
2.21166 3.40183
2.21047 3.39409
2.20928 3.40099
2.20809 3.40832
2.2069 3.40437
2.20571 3.4039
2.20452 3.40921
2.20334 3.4148
2.20215 3.40816
2.20097 3.41159
2.19979 3.41784
2.1986 3.42271
2.19742 3.41405
2.19625 3.42008
2.19507 3.42699
2.19389 3.42829
2.19272 3.42238
2.19155 3.42892
2.19037 3.43437
2.1892 3.43075
2.18803 3.43072
2.18687 3.43755
2.1857 3.44251
2.18453 3.43447
2.18337 3.44011
2.18221 3.4452
2.18104 3.44885
2.17988 3.44184
2.17872 3.44819
2.17757 3.45247
2.17641 3.45592
2.17525 3.4492
2.1741 3.45586
2.17294 3.4623
2.17179 3.4569
2.17064 3.45881
2.16949 3.46395
2.16834 3.47062
2.1672 3.46141
2.16605 3.46641
2.1649 3.47319
2.16376 3.47685
2.16262 3.4684
2.16148 3.47565
2.16034 3.48165
2.1592 3.47812
2.15806 3.47855
2.15692 3.48298
2.15579 3.48984
2.15466 3.48233
2.15352 3.48565
2.15239 3.49187
2.15126 3.49806
2.15013 3.48812
2.149 3.49411
2.14788 3.50113
2.14675 3.50287
2.14563 3.49705
2.1445 3.50287
2.14338 3.50881
2.14226 3.50626
2.14114 3.50445
2.14002 3.51174
2.1389 3.51705
2.13779 3.50995
2.13667 3.51257
2.13556 3.52061
2.13445 3.52253
2.13333 3.51643
2.13222 3.52194
2.13111 3.52804
2.13001 3.52831
2.1289 3.52438
2.12779 3.53048
2.12669 3.53587
2.12558 3.53252
2.12448 3.53229
2.12338 3.53846
2.12228 3.54403
2.12118 3.53719
2.12008 3.54015
2.11899 3.54777
2.11789 3.55096
2.1168 3.54347
2.1157 3.54852
2.11461 3.5566
2.11352 3.55067
2.11243 3.55227
2.11134 3.5577
2.11025 3.56321
2.10917 3.55933
2.10808 3.55924
2.107 3.56688
2.10591 3.56995
2.10483 3.56411
2.10375 3.56726
2.10267 3.57548
2.10159 3.57809
2.10051 3.57054
2.09944 3.57634
2.09836 3.58306
2.09729 3.58117
2.09621 3.57838
2.09514 3.58554
2.09407 3.59012
2.093 3.58377
2.09193 3.58633
2.09086 3.59466
2.0898 3.59935
2.08873 3.58999
2.08767 3.59563
2.0866 3.60294
2.08554 3.60419
2.08448 3.59735
2.08342 3.60467
2.08236 3.61003
2.0813 3.60588
2.08024 3.6063
2.07919 3.613
2.07813 3.61805
2.07708 3.6097
2.07603 3.61422
2.07497 3.62139
2.07392 3.6269
2.07287 3.61455
2.07183 3.62361
2.07078 3.63112
2.06973 3.62775
2.06869 3.62552
2.06764 3.63202
2.0666 3.6377
2.06556 3.63215
2.06452 3.63268
2.06348 3.64066
2.06244 3.6477
2.0614 3.63487
2.06036 3.64275
2.05933 3.64923
2.05829 3.65201
2.05726 3.6435
2.05622 3.65086
2.05519 3.65803
2.05416 3.64972
2.05313 3.65306
2.0521 3.65934
2.05108 3.6664
2.05005 3.65522
2.04902 3.66171
2.048 3.6675
2.04698 3.6744
2.04595 3.66167
2.04493 3.67035
2.04391 3.67625
2.04289 3.67971
2.04187 3.67091
2.04086 3.67785
2.03984 3.68667
2.03883 3.67406
2.03781 3.68156
2.0368 3.68583
2.03579 3.69413
2.03477 3.68132
2.03376 3.6887
2.03275 3.69568
2.03175 3.70279
2.03074 3.68933
2.02973 3.69913
2.02873 3.70403
2.02772 3.70185
2.02672 3.69969
2.02572 3.70458
2.02472 3.71348
2.02372 3.70624
2.02272 3.7061
2.02172 3.71458
2.02072 3.72104
2.01972 3.71115
2.01873 3.71489
2.01773 3.72358
2.01674 3.72913
2.01575 3.71846
2.01476 3.72443
2.01377 3.7319
2.01278 3.72972
2.01179 3.72621
2.0108 3.73304
2.00981 3.74203
2.00883 3.73214
2.00784 3.73376
2.00686 3.74216
2.00588 3.74985
2.00489 3.73659
2.00391 3.74369
2.00293 3.75134
2.00196 3.75115
2.00098 3.74634
2 3.75235
