25.6 3.88356
23.2727 3.79315
21.3333 3.62703
19.6923 3.85906
18.2857 3.74545
17.0667 3.78228
16 3.84211
15.0588 3.82743
14.2222 3.78369
13.4737 3.91419
12.8 3.92693
12.1905 3.88422
11.6364 3.73931
11.1304 3.82621
10.6667 3.77828
10.24 3.76065
9.84615 3.73687
9.48148 3.69041
9.14286 3.65045
8.82759 3.59621
8.53333 3.49575
8.25806 3.43503
8 3.34559
7.75758 3.21727
7.52941 3.07383
7.31429 2.92675
7.11111 2.81501
6.91892 2.96297
6.73684 3.1208
6.5641 2.95157
6.4 2.79914
6.2439 2.68955
6.09524 2.56734
5.95349 2.47334
5.81818 2.3782
5.68889 2.3239
5.56522 2.26513
5.44681 2.2121
5.33333 2.16315
5.22449 2.10851
5.12 2.05986
5.01961 2.03405
4.92308 2.00238
4.83019 1.96159
4.74074 1.92923
4.65455 1.91441
4.57143 1.87871
4.49123 1.84905
4.41379 1.82786
4.33898 1.80934
4.26667 1.78802
4.19672 1.76417
4.12903 1.75228
4.06349 1.73088
4 1.70302
3.93846 1.68667
3.87879 1.6678
3.8209 1.67399
3.76471 1.69979
3.71014 1.68336
3.65714 1.69974
3.60563 1.69413
3.55556 1.67719
3.50685 1.66728
3.45946 1.69492
3.41333 1.67553
3.36842 1.68982
3.32468 1.68712
3.28205 1.67004
3.24051 1.6481
3.2 1.62478
3.16049 1.61263
3.12195 1.60257
3.08434 1.60104
3.04762 1.60411
3.01176 1.60243
2.97674 1.61534
2.94253 1.61742
2.90909 1.61283
2.8764 1.62451
2.84444 1.6173
2.81319 1.6223
2.78261 1.64284
2.75269 1.63873
2.7234 1.64111
2.69474 1.6548
2.66667 1.66772
2.63918 1.64931
2.61224 1.66467
2.58586 1.68342
2.56 1.70188
2.53465 1.71947
2.5098 1.73745
2.48544 1.75548
2.46154 1.77362
2.4381 1.79197
2.41509 1.8107
2.39252 1.83014
2.37037 1.85089
2.34862 1.87289
2.32727 1.89432
2.30631 1.91437
2.28571 1.93355
2.26549 1.95229
2.24561 1.97078
2.22609 1.98913
2.2069 2.0074
2.18803 2.02562
2.16949 2.0438
2.15126 2.06196
2.13333 2.08011
2.1157 2.09825
2.09836 2.1164
2.0813 2.13454
2.06452 2.15269
2.048 2.17084
2.03175 2.189
2.01575 2.20717
2 2.22535
