.NAME yingjie
.INST CU 
.MAIL University of Colorado at Boulder
.EMAIL yingjieyang@gmail.com
.PHONE 
.FAX 
.MEDIA: Electronic (FTP)
.ALTERNATE MEDIA: Electronic (FTP)
.ALTERNATE MEDIA: Electronic (FTP)
.LABEL Events(XR_5.5-6)_2010_3_13_10_34
.END
SC04 XR 2010 3 13 10 19 43.0 2010 3 13 13 4 43.0 1 LHE
SC04 XR 2010 3 13 10 19 43.0 2010 3 13 13 4 43.0 1 LHN
SC04 XR 2010 3 13 10 19 43.0 2010 3 13 13 4 43.0 1 LHZ
SC05 XR 2010 3 13 10 19 43.0 2010 3 13 13 4 43.0 1 LHE
SC05 XR 2010 3 13 10 19 43.0 2010 3 13 13 4 43.0 1 LHN
SC05 XR 2010 3 13 10 19 43.0 2010 3 13 13 4 43.0 1 LHZ
SC06 XR 2010 3 13 10 19 43.0 2010 3 13 13 4 43.0 1 LHE
SC06 XR 2010 3 13 10 19 43.0 2010 3 13 13 4 43.0 1 LHN
SC06 XR 2010 3 13 10 19 43.0 2010 3 13 13 4 43.0 1 LHZ
SC07 XR 2010 3 13 10 19 43.0 2010 3 13 13 4 43.0 1 LHE
SC07 XR 2010 3 13 10 19 43.0 2010 3 13 13 4 43.0 1 LHN
SC07 XR 2010 3 13 10 19 43.0 2010 3 13 13 4 43.0 1 LHZ
SC08 XR 2010 3 13 10 19 43.0 2010 3 13 13 4 43.0 1 LHE
SC08 XR 2010 3 13 10 19 43.0 2010 3 13 13 4 43.0 1 LHN
SC08 XR 2010 3 13 10 19 43.0 2010 3 13 13 4 43.0 1 LHZ
SC09 XR 2010 3 13 10 19 43.0 2010 3 13 13 4 43.0 1 LHE
SC09 XR 2010 3 13 10 19 43.0 2010 3 13 13 4 43.0 1 LHN
SC09 XR 2010 3 13 10 19 43.0 2010 3 13 13 4 43.0 1 LHZ
SC10 XR 2010 3 13 10 19 43.0 2010 3 13 13 4 43.0 1 LHE
SC10 XR 2010 3 13 10 19 43.0 2010 3 13 13 4 43.0 1 LHN
SC10 XR 2010 3 13 10 19 43.0 2010 3 13 13 4 43.0 1 LHZ
SC11 XR 2010 3 13 10 19 43.0 2010 3 13 13 4 43.0 1 LHE
SC11 XR 2010 3 13 10 19 43.0 2010 3 13 13 4 43.0 1 LHN
SC11 XR 2010 3 13 10 19 43.0 2010 3 13 13 4 43.0 1 LHZ
SC12 XR 2010 3 13 10 19 43.0 2010 3 13 13 4 43.0 1 LHE
SC12 XR 2010 3 13 10 19 43.0 2010 3 13 13 4 43.0 1 LHN
SC12 XR 2010 3 13 10 19 43.0 2010 3 13 13 4 43.0 1 LHZ
SC13 XR 2010 3 13 10 19 43.0 2010 3 13 13 4 43.0 1 LHE
SC13 XR 2010 3 13 10 19 43.0 2010 3 13 13 4 43.0 1 LHN
SC13 XR 2010 3 13 10 19 43.0 2010 3 13 13 4 43.0 1 LHZ
SC14 XR 2010 3 13 10 19 43.0 2010 3 13 13 4 43.0 1 LHE
SC14 XR 2010 3 13 10 19 43.0 2010 3 13 13 4 43.0 1 LHN
SC14 XR 2010 3 13 10 19 43.0 2010 3 13 13 4 43.0 1 LHZ
SC15 XR 2010 3 13 10 19 43.0 2010 3 13 13 4 43.0 1 LHE
SC15 XR 2010 3 13 10 19 43.0 2010 3 13 13 4 43.0 1 LHN
SC15 XR 2010 3 13 10 19 43.0 2010 3 13 13 4 43.0 1 LHZ
SC16 XR 2010 3 13 10 19 43.0 2010 3 13 13 4 43.0 1 LHE
SC16 XR 2010 3 13 10 19 43.0 2010 3 13 13 4 43.0 1 LHN
SC16 XR 2010 3 13 10 19 43.0 2010 3 13 13 4 43.0 1 LHZ
SC17 XR 2010 3 13 10 19 43.0 2010 3 13 13 4 43.0 1 LHE
SC17 XR 2010 3 13 10 19 43.0 2010 3 13 13 4 43.0 1 LHN
SC17 XR 2010 3 13 10 19 43.0 2010 3 13 13 4 43.0 1 LHZ
SC18 XR 2010 3 13 10 19 43.0 2010 3 13 13 4 43.0 1 LHE
SC18 XR 2010 3 13 10 19 43.0 2010 3 13 13 4 43.0 1 LHN
SC18 XR 2010 3 13 10 19 43.0 2010 3 13 13 4 43.0 1 LHZ
SC19 XR 2010 3 13 10 19 43.0 2010 3 13 13 4 43.0 1 LHE
SC19 XR 2010 3 13 10 19 43.0 2010 3 13 13 4 43.0 1 LHN
SC19 XR 2010 3 13 10 19 43.0 2010 3 13 13 4 43.0 1 LHZ
SC20 XR 2010 3 13 10 19 43.0 2010 3 13 13 4 43.0 1 LHE
SC20 XR 2010 3 13 10 19 43.0 2010 3 13 13 4 43.0 1 LHN
SC20 XR 2010 3 13 10 19 43.0 2010 3 13 13 4 43.0 1 LHZ
SC21 XR 2010 3 13 10 19 43.0 2010 3 13 13 4 43.0 1 LHE
SC21 XR 2010 3 13 10 19 43.0 2010 3 13 13 4 43.0 1 LHN
SC21 XR 2010 3 13 10 19 43.0 2010 3 13 13 4 43.0 1 LHZ
SC22 XR 2010 3 13 10 19 43.0 2010 3 13 13 4 43.0 1 LHE
SC22 XR 2010 3 13 10 19 43.0 2010 3 13 13 4 43.0 1 LHN
SC22 XR 2010 3 13 10 19 43.0 2010 3 13 13 4 43.0 1 LHZ
SC23 XR 2010 3 13 10 19 43.0 2010 3 13 13 4 43.0 1 LHE
SC23 XR 2010 3 13 10 19 43.0 2010 3 13 13 4 43.0 1 LHN
SC23 XR 2010 3 13 10 19 43.0 2010 3 13 13 4 43.0 1 LHZ
SC25 XR 2010 3 13 10 19 43.0 2010 3 13 13 4 43.0 1 LHE
SC25 XR 2010 3 13 10 19 43.0 2010 3 13 13 4 43.0 1 LHN
SC25 XR 2010 3 13 10 19 43.0 2010 3 13 13 4 43.0 1 LHZ
SC26 XR 2010 3 13 10 19 43.0 2010 3 13 13 4 43.0 1 LHE
SC26 XR 2010 3 13 10 19 43.0 2010 3 13 13 4 43.0 1 LHN
SC26 XR 2010 3 13 10 19 43.0 2010 3 13 13 4 43.0 1 LHZ
SC27 XR 2010 3 13 10 19 43.0 2010 3 13 13 4 43.0 1 LHE
SC27 XR 2010 3 13 10 19 43.0 2010 3 13 13 4 43.0 1 LHN
SC27 XR 2010 3 13 10 19 43.0 2010 3 13 13 4 43.0 1 LHZ
SC28 XR 2010 3 13 10 19 43.0 2010 3 13 13 4 43.0 1 LHE
SC28 XR 2010 3 13 10 19 43.0 2010 3 13 13 4 43.0 1 LHN
SC28 XR 2010 3 13 10 19 43.0 2010 3 13 13 4 43.0 1 LHZ
SC29 XR 2010 3 13 10 19 43.0 2010 3 13 13 4 43.0 1 LHE
SC29 XR 2010 3 13 10 19 43.0 2010 3 13 13 4 43.0 1 LHN
SC29 XR 2010 3 13 10 19 43.0 2010 3 13 13 4 43.0 1 LHZ
SC30 XR 2010 3 13 10 19 43.0 2010 3 13 13 4 43.0 1 LHE
SC30 XR 2010 3 13 10 19 43.0 2010 3 13 13 4 43.0 1 LHN
SC30 XR 2010 3 13 10 19 43.0 2010 3 13 13 4 43.0 1 LHZ
SC31 XR 2010 3 13 10 19 43.0 2010 3 13 13 4 43.0 1 LHE
SC31 XR 2010 3 13 10 19 43.0 2010 3 13 13 4 43.0 1 LHN
SC31 XR 2010 3 13 10 19 43.0 2010 3 13 13 4 43.0 1 LHZ
SC32 XR 2010 3 13 10 19 43.0 2010 3 13 13 4 43.0 1 LHE
SC32 XR 2010 3 13 10 19 43.0 2010 3 13 13 4 43.0 1 LHN
SC32 XR 2010 3 13 10 19 43.0 2010 3 13 13 4 43.0 1 LHZ
SC33 XR 2010 3 13 10 19 43.0 2010 3 13 13 4 43.0 1 LHE
SC33 XR 2010 3 13 10 19 43.0 2010 3 13 13 4 43.0 1 LHN
SC33 XR 2010 3 13 10 19 43.0 2010 3 13 13 4 43.0 1 LHZ
SC34 XR 2010 3 13 10 19 43.0 2010 3 13 13 4 43.0 1 LHE
SC34 XR 2010 3 13 10 19 43.0 2010 3 13 13 4 43.0 1 LHN
SC34 XR 2010 3 13 10 19 43.0 2010 3 13 13 4 43.0 1 LHZ
SC35 XR 2010 3 13 10 19 43.0 2010 3 13 13 4 43.0 1 LHE
SC35 XR 2010 3 13 10 19 43.0 2010 3 13 13 4 43.0 1 LHN
SC35 XR 2010 3 13 10 19 43.0 2010 3 13 13 4 43.0 1 LHZ
SC36 XR 2010 3 13 10 19 43.0 2010 3 13 13 4 43.0 1 LHE
SC36 XR 2010 3 13 10 19 43.0 2010 3 13 13 4 43.0 1 LHN
SC36 XR 2010 3 13 10 19 43.0 2010 3 13 13 4 43.0 1 LHZ
SC37 XR 2010 3 13 10 19 43.0 2010 3 13 13 4 43.0 1 LHE
SC37 XR 2010 3 13 10 19 43.0 2010 3 13 13 4 43.0 1 LHN
SC37 XR 2010 3 13 10 19 43.0 2010 3 13 13 4 43.0 1 LHZ
SC38 XR 2010 3 13 10 19 43.0 2010 3 13 13 4 43.0 1 LHE
SC38 XR 2010 3 13 10 19 43.0 2010 3 13 13 4 43.0 1 LHN
SC38 XR 2010 3 13 10 19 43.0 2010 3 13 13 4 43.0 1 LHZ
SC39 XR 2010 3 13 10 19 43.0 2010 3 13 13 4 43.0 1 LHE
SC39 XR 2010 3 13 10 19 43.0 2010 3 13 13 4 43.0 1 LHN
SC39 XR 2010 3 13 10 19 43.0 2010 3 13 13 4 43.0 1 LHZ
SC40 XR 2010 3 13 10 19 43.0 2010 3 13 13 4 43.0 1 LHE
SC40 XR 2010 3 13 10 19 43.0 2010 3 13 13 4 43.0 1 LHN
SC40 XR 2010 3 13 10 19 43.0 2010 3 13 13 4 43.0 1 LHZ
SC41 XR 2010 3 13 10 19 43.0 2010 3 13 13 4 43.0 1 LHE
SC41 XR 2010 3 13 10 19 43.0 2010 3 13 13 4 43.0 1 LHN
SC41 XR 2010 3 13 10 19 43.0 2010 3 13 13 4 43.0 1 LHZ
SC42 XR 2010 3 13 10 19 43.0 2010 3 13 13 4 43.0 1 LHE
SC42 XR 2010 3 13 10 19 43.0 2010 3 13 13 4 43.0 1 LHN
SC42 XR 2010 3 13 10 19 43.0 2010 3 13 13 4 43.0 1 LHZ
SC43 XR 2010 3 13 10 19 43.0 2010 3 13 13 4 43.0 1 LHE
SC43 XR 2010 3 13 10 19 43.0 2010 3 13 13 4 43.0 1 LHN
SC43 XR 2010 3 13 10 19 43.0 2010 3 13 13 4 43.0 1 LHZ
SC44 XR 2010 3 13 10 19 43.0 2010 3 13 13 4 43.0 1 LHE
SC44 XR 2010 3 13 10 19 43.0 2010 3 13 13 4 43.0 1 LHN
SC44 XR 2010 3 13 10 19 43.0 2010 3 13 13 4 43.0 1 LHZ
SC45 XR 2010 3 13 10 19 43.0 2010 3 13 13 4 43.0 1 LHE
SC45 XR 2010 3 13 10 19 43.0 2010 3 13 13 4 43.0 1 LHN
SC45 XR 2010 3 13 10 19 43.0 2010 3 13 13 4 43.0 1 LHZ
SC46 XR 2010 3 13 10 19 43.0 2010 3 13 13 4 43.0 1 LHE
SC46 XR 2010 3 13 10 19 43.0 2010 3 13 13 4 43.0 1 LHN
SC46 XR 2010 3 13 10 19 43.0 2010 3 13 13 4 43.0 1 LHZ
SC47 XR 2010 3 13 10 19 43.0 2010 3 13 13 4 43.0 1 LHE
SC47 XR 2010 3 13 10 19 43.0 2010 3 13 13 4 43.0 1 LHN
SC47 XR 2010 3 13 10 19 43.0 2010 3 13 13 4 43.0 1 LHZ
SC48 XR 2010 3 13 10 19 43.0 2010 3 13 13 4 43.0 1 LHE
SC48 XR 2010 3 13 10 19 43.0 2010 3 13 13 4 43.0 1 LHN
SC48 XR 2010 3 13 10 19 43.0 2010 3 13 13 4 43.0 1 LHZ
SC49 XR 2010 3 13 10 19 43.0 2010 3 13 13 4 43.0 1 LHE
SC49 XR 2010 3 13 10 19 43.0 2010 3 13 13 4 43.0 1 LHN
SC49 XR 2010 3 13 10 19 43.0 2010 3 13 13 4 43.0 1 LHZ
SC50 XR 2010 3 13 10 19 43.0 2010 3 13 13 4 43.0 1 LHE
SC50 XR 2010 3 13 10 19 43.0 2010 3 13 13 4 43.0 1 LHN
SC50 XR 2010 3 13 10 19 43.0 2010 3 13 13 4 43.0 1 LHZ
SC51 XR 2010 3 13 10 19 43.0 2010 3 13 13 4 43.0 1 LHE
SC51 XR 2010 3 13 10 19 43.0 2010 3 13 13 4 43.0 1 LHN
SC51 XR 2010 3 13 10 19 43.0 2010 3 13 13 4 43.0 1 LHZ
SC52 XR 2010 3 13 10 19 43.0 2010 3 13 13 4 43.0 1 LHE
SC52 XR 2010 3 13 10 19 43.0 2010 3 13 13 4 43.0 1 LHN
SC52 XR 2010 3 13 10 19 43.0 2010 3 13 13 4 43.0 1 LHZ
SC53 XR 2010 3 13 10 19 43.0 2010 3 13 13 4 43.0 1 LHE
SC53 XR 2010 3 13 10 19 43.0 2010 3 13 13 4 43.0 1 LHN
SC53 XR 2010 3 13 10 19 43.0 2010 3 13 13 4 43.0 1 LHZ
SC54 XR 2010 3 13 10 19 43.0 2010 3 13 13 4 43.0 1 LHE
SC54 XR 2010 3 13 10 19 43.0 2010 3 13 13 4 43.0 1 LHN
SC54 XR 2010 3 13 10 19 43.0 2010 3 13 13 4 43.0 1 LHZ
SC55 XR 2010 3 13 10 19 43.0 2010 3 13 13 4 43.0 1 LHE
SC55 XR 2010 3 13 10 19 43.0 2010 3 13 13 4 43.0 1 LHN
SC55 XR 2010 3 13 10 19 43.0 2010 3 13 13 4 43.0 1 LHZ
SC56 XR 2010 3 13 10 19 43.0 2010 3 13 13 4 43.0 1 LHE
SC56 XR 2010 3 13 10 19 43.0 2010 3 13 13 4 43.0 1 LHN
SC56 XR 2010 3 13 10 19 43.0 2010 3 13 13 4 43.0 1 LHZ
SC57 XR 2010 3 13 10 19 43.0 2010 3 13 13 4 43.0 1 LHE
SC57 XR 2010 3 13 10 19 43.0 2010 3 13 13 4 43.0 1 LHN
SC57 XR 2010 3 13 10 19 43.0 2010 3 13 13 4 43.0 1 LHZ
SC58 XR 2010 3 13 10 19 43.0 2010 3 13 13 4 43.0 1 LHE
SC58 XR 2010 3 13 10 19 43.0 2010 3 13 13 4 43.0 1 LHN
SC58 XR 2010 3 13 10 19 43.0 2010 3 13 13 4 43.0 1 LHZ
SC59 XR 2010 3 13 10 19 43.0 2010 3 13 13 4 43.0 1 LHE
SC59 XR 2010 3 13 10 19 43.0 2010 3 13 13 4 43.0 1 LHN
SC59 XR 2010 3 13 10 19 43.0 2010 3 13 13 4 43.0 1 LHZ
SC60 XR 2010 3 13 10 19 43.0 2010 3 13 13 4 43.0 1 LHE
SC60 XR 2010 3 13 10 19 43.0 2010 3 13 13 4 43.0 1 LHN
SC60 XR 2010 3 13 10 19 43.0 2010 3 13 13 4 43.0 1 LHZ
SC61 XR 2010 3 13 10 19 43.0 2010 3 13 13 4 43.0 1 LHE
SC61 XR 2010 3 13 10 19 43.0 2010 3 13 13 4 43.0 1 LHN
SC61 XR 2010 3 13 10 19 43.0 2010 3 13 13 4 43.0 1 LHZ
SC62 XR 2010 3 13 10 19 43.0 2010 3 13 13 4 43.0 1 LHE
SC62 XR 2010 3 13 10 19 43.0 2010 3 13 13 4 43.0 1 LHN
SC62 XR 2010 3 13 10 19 43.0 2010 3 13 13 4 43.0 1 LHZ
SC63 XR 2010 3 13 10 19 43.0 2010 3 13 13 4 43.0 1 LHE
SC63 XR 2010 3 13 10 19 43.0 2010 3 13 13 4 43.0 1 LHN
SC63 XR 2010 3 13 10 19 43.0 2010 3 13 13 4 43.0 1 LHZ
SC64 XR 2010 3 13 10 19 43.0 2010 3 13 13 4 43.0 1 LHE
SC64 XR 2010 3 13 10 19 43.0 2010 3 13 13 4 43.0 1 LHN
SC64 XR 2010 3 13 10 19 43.0 2010 3 13 13 4 43.0 1 LHZ
SC65 XR 2010 3 13 10 19 43.0 2010 3 13 13 4 43.0 1 LHE
SC65 XR 2010 3 13 10 19 43.0 2010 3 13 13 4 43.0 1 LHN
SC65 XR 2010 3 13 10 19 43.0 2010 3 13 13 4 43.0 1 LHZ
SC66 XR 2010 3 13 10 19 43.0 2010 3 13 13 4 43.0 1 LHE
SC66 XR 2010 3 13 10 19 43.0 2010 3 13 13 4 43.0 1 LHN
SC66 XR 2010 3 13 10 19 43.0 2010 3 13 13 4 43.0 1 LHZ
SC67 XR 2010 3 13 10 19 43.0 2010 3 13 13 4 43.0 1 LHE
SC67 XR 2010 3 13 10 19 43.0 2010 3 13 13 4 43.0 1 LHN
SC67 XR 2010 3 13 10 19 43.0 2010 3 13 13 4 43.0 1 LHZ
SC68 XR 2010 3 13 10 19 43.0 2010 3 13 13 4 43.0 1 LHE
SC68 XR 2010 3 13 10 19 43.0 2010 3 13 13 4 43.0 1 LHN
SC68 XR 2010 3 13 10 19 43.0 2010 3 13 13 4 43.0 1 LHZ
SC69 XR 2010 3 13 10 19 43.0 2010 3 13 13 4 43.0 1 LHE
SC69 XR 2010 3 13 10 19 43.0 2010 3 13 13 4 43.0 1 LHN
SC69 XR 2010 3 13 10 19 43.0 2010 3 13 13 4 43.0 1 LHZ
SC70 XR 2010 3 13 10 19 43.0 2010 3 13 13 4 43.0 1 LHE
SC70 XR 2010 3 13 10 19 43.0 2010 3 13 13 4 43.0 1 LHN
SC70 XR 2010 3 13 10 19 43.0 2010 3 13 13 4 43.0 1 LHZ
SC71 XR 2010 3 13 10 19 43.0 2010 3 13 13 4 43.0 1 LHE
SC71 XR 2010 3 13 10 19 43.0 2010 3 13 13 4 43.0 1 LHN
SC71 XR 2010 3 13 10 19 43.0 2010 3 13 13 4 43.0 1 LHZ
SC72 XR 2010 3 13 10 19 43.0 2010 3 13 13 4 43.0 1 LHE
SC72 XR 2010 3 13 10 19 43.0 2010 3 13 13 4 43.0 1 LHN
SC72 XR 2010 3 13 10 19 43.0 2010 3 13 13 4 43.0 1 LHZ
SC73 XR 2010 3 13 10 19 43.0 2010 3 13 13 4 43.0 1 LHE
SC73 XR 2010 3 13 10 19 43.0 2010 3 13 13 4 43.0 1 LHN
SC73 XR 2010 3 13 10 19 43.0 2010 3 13 13 4 43.0 1 LHZ
SC74 XR 2010 3 13 10 19 43.0 2010 3 13 13 4 43.0 1 LHE
SC74 XR 2010 3 13 10 19 43.0 2010 3 13 13 4 43.0 1 LHN
SC74 XR 2010 3 13 10 19 43.0 2010 3 13 13 4 43.0 1 LHZ
SC75 XR 2010 3 13 10 19 43.0 2010 3 13 13 4 43.0 1 LHE
SC75 XR 2010 3 13 10 19 43.0 2010 3 13 13 4 43.0 1 LHN
SC75 XR 2010 3 13 10 19 43.0 2010 3 13 13 4 43.0 1 LHZ
