.NAME Ye Tian
.INST CU 
.MAIL University of Colorado at Boulder
.EMAIL Ye.Tian@colorado.edu
.PHONE 
.FAX 
.MEDIA: Electronic (FTP)
.ALTERNATE MEDIA: Electronic (FTP)
.ALTERNATE MEDIA: Electronic (FTP)
.LABEL Events_4.5_40_US13000_2007_7_15_13_8
.END
MONP AZ 2007 7 15 12 53 1.0 2007 7 15 15 38 1.0 1 LHZ
MONP2 AZ 2007 7 15 12 53 1.0 2007 7 15 15 38 1.0 1 LHZ
PFO AZ 2007 7 15 12 53 1.0 2007 7 15 15 38 1.0 1 LHZ
BDM BK 2007 7 15 12 53 1.0 2007 7 15 15 38 1.0 1 LHZ
CMB BK 2007 7 15 12 53 1.0 2007 7 15 15 38 1.0 1 LHZ
CVS BK 2007 7 15 12 53 1.0 2007 7 15 15 38 1.0 1 LHZ
FARB BK 2007 7 15 12 53 1.0 2007 7 15 15 38 1.0 1 LHZ
GASB BK 2007 7 15 12 53 1.0 2007 7 15 15 38 1.0 1 LHZ
HOPS BK 2007 7 15 12 53 1.0 2007 7 15 15 38 1.0 1 LHZ
HUMO BK 2007 7 15 12 53 1.0 2007 7 15 15 38 1.0 1 LHZ
JCC BK 2007 7 15 12 53 1.0 2007 7 15 15 38 1.0 1 LHZ
JRSC BK 2007 7 15 12 53 1.0 2007 7 15 15 38 1.0 1 LHZ
KCC BK 2007 7 15 12 53 1.0 2007 7 15 15 38 1.0 1 LHZ
MCCM BK 2007 7 15 12 53 1.0 2007 7 15 15 38 1.0 1 LHZ
MNRC BK 2007 7 15 12 53 1.0 2007 7 15 15 38 1.0 1 LHZ
MOD BK 2007 7 15 12 53 1.0 2007 7 15 15 38 1.0 1 LHZ
ORV BK 2007 7 15 12 53 1.0 2007 7 15 15 38 1.0 1 LHZ
PACP BK 2007 7 15 12 53 1.0 2007 7 15 15 38 1.0 1 LHZ
PKD BK 2007 7 15 12 53 1.0 2007 7 15 15 38 1.0 1 LHZ
POTR BK 2007 7 15 12 53 1.0 2007 7 15 15 38 1.0 1 LHZ
WDC BK 2007 7 15 12 53 1.0 2007 7 15 15 38 1.0 1 LHZ
WENL BK 2007 7 15 12 53 1.0 2007 7 15 15 38 1.0 1 LHZ
YBH BK 2007 7 15 12 53 1.0 2007 7 15 15 38 1.0 1 LHZ
ARV CI 2007 7 15 12 53 1.0 2007 7 15 15 38 1.0 1 LHZ
BBR CI 2007 7 15 12 53 1.0 2007 7 15 15 38 1.0 1 LHZ
BC3 CI 2007 7 15 12 53 1.0 2007 7 15 15 38 1.0 1 LHZ
BCC CI 2007 7 15 12 53 1.0 2007 7 15 15 38 1.0 1 LHZ
BEL CI 2007 7 15 12 53 1.0 2007 7 15 15 38 1.0 1 LHZ
BFS CI 2007 7 15 12 53 1.0 2007 7 15 15 38 1.0 1 LHZ
CIA CI 2007 7 15 12 53 1.0 2007 7 15 15 38 1.0 1 LHZ
CWC CI 2007 7 15 12 53 1.0 2007 7 15 15 38 1.0 1 LHZ
DAN CI 2007 7 15 12 53 1.0 2007 7 15 15 38 1.0 1 LHZ
DEC CI 2007 7 15 12 53 1.0 2007 7 15 15 38 1.0 1 LHZ
DVT CI 2007 7 15 12 53 1.0 2007 7 15 15 38 1.0 1 LHZ
EDW2 CI 2007 7 15 12 53 1.0 2007 7 15 15 38 1.0 1 LHZ
FMP CI 2007 7 15 12 53 1.0 2007 7 15 15 38 1.0 1 LHZ
FUR CI 2007 7 15 12 53 1.0 2007 7 15 15 38 1.0 1 LHZ
GLA CI 2007 7 15 12 53 1.0 2007 7 15 15 38 1.0 1 LHZ
GMR CI 2007 7 15 12 53 1.0 2007 7 15 15 38 1.0 1 LHZ
GRA CI 2007 7 15 12 53 1.0 2007 7 15 15 38 1.0 1 LHZ
GSC CI 2007 7 15 12 53 1.0 2007 7 15 15 38 1.0 1 LHZ
HEC CI 2007 7 15 12 53 1.0 2007 7 15 15 38 1.0 1 LHZ
IBP CI 2007 7 15 12 53 1.0 2007 7 15 15 38 1.0 1 LHZ
IKP CI 2007 7 15 12 53 1.0 2007 7 15 15 38 1.0 1 LHZ
IRM CI 2007 7 15 12 53 1.0 2007 7 15 15 38 1.0 1 LHZ
ISA CI 2007 7 15 12 53 1.0 2007 7 15 15 38 1.0 1 LHZ
LGU CI 2007 7 15 12 53 1.0 2007 7 15 15 38 1.0 1 LHZ
LRL CI 2007 7 15 12 53 1.0 2007 7 15 15 38 1.0 1 LHZ
MLAC CI 2007 7 15 12 53 1.0 2007 7 15 15 38 1.0 1 LHZ
MPM CI 2007 7 15 12 53 1.0 2007 7 15 15 38 1.0 1 LHZ
MPP CI 2007 7 15 12 53 1.0 2007 7 15 15 38 1.0 1 LHZ
MUR CI 2007 7 15 12 53 1.0 2007 7 15 15 38 1.0 1 LHZ
NEE CI 2007 7 15 12 53 1.0 2007 7 15 15 38 1.0 1 LHZ
NEE2 CI 2007 7 15 12 53 1.0 2007 7 15 15 38 1.0 1 LHZ
OSI CI 2007 7 15 12 53 1.0 2007 7 15 15 38 1.0 1 LHZ
PDM CI 2007 7 15 12 53 1.0 2007 7 15 15 38 1.0 1 LHZ
RCT CI 2007 7 15 12 53 1.0 2007 7 15 15 38 1.0 1 LHZ
RRX CI 2007 7 15 12 53 1.0 2007 7 15 15 38 1.0 1 LHZ
SBC CI 2007 7 15 12 53 1.0 2007 7 15 15 38 1.0 1 LHZ
SCI2 CI 2007 7 15 12 53 1.0 2007 7 15 15 38 1.0 1 LHZ
SCZ2 CI 2007 7 15 12 53 1.0 2007 7 15 15 38 1.0 1 LHZ
SDP CI 2007 7 15 12 53 1.0 2007 7 15 15 38 1.0 1 LHZ
SHO CI 2007 7 15 12 53 1.0 2007 7 15 15 38 1.0 1 LHZ
SMM CI 2007 7 15 12 53 1.0 2007 7 15 15 38 1.0 1 LHZ
SNCC CI 2007 7 15 12 53 1.0 2007 7 15 15 38 1.0 1 LHZ
SWS CI 2007 7 15 12 53 1.0 2007 7 15 15 38 1.0 1 LHZ
TIN CI 2007 7 15 12 53 1.0 2007 7 15 15 38 1.0 1 LHZ
TUQ CI 2007 7 15 12 53 1.0 2007 7 15 15 38 1.0 1 LHZ
VES CI 2007 7 15 12 53 1.0 2007 7 15 15 38 1.0 1 LHZ
ANMO IU 2007 7 15 12 53 1.0 2007 7 15 15 38 1.0 1 LHZ
CCM IU 2007 7 15 12 53 1.0 2007 7 15 15 38 1.0 1 LHZ
DWPF IU 2007 7 15 12 53 1.0 2007 7 15 15 38 1.0 1 LHZ
HRV IU 2007 7 15 12 53 1.0 2007 7 15 15 38 1.0 1 LHZ
RSSD IU 2007 7 15 12 53 1.0 2007 7 15 15 38 1.0 1 LHZ
SSPA IU 2007 7 15 12 53 1.0 2007 7 15 15 38 1.0 1 LHZ
TUC IU 2007 7 15 12 53 1.0 2007 7 15 15 38 1.0 1 LHZ
WCI IU 2007 7 15 12 53 1.0 2007 7 15 15 38 1.0 1 LHZ
WVT IU 2007 7 15 12 53 1.0 2007 7 15 15 38 1.0 1 LHZ
PAL LD 2007 7 15 12 53 1.0 2007 7 15 15 38 1.0 1 LHZ
BEK NN 2007 7 15 12 53 1.0 2007 7 15 15 38 1.0 1 LHZ
OMM NN 2007 7 15 12 53 1.0 2007 7 15 15 38 1.0 1 LHZ
WCN NN 2007 7 15 12 53 1.0 2007 7 15 15 38 1.0 1 LHZ
ACTO PO 2007 7 15 12 53 1.0 2007 7 15 15 38 1.0 1 LHZ
ALFO PO 2007 7 15 12 53 1.0 2007 7 15 15 38 1.0 1 LHZ
ALGO PO 2007 7 15 12 53 1.0 2007 7 15 15 38 1.0 1 LHZ
BANO PO 2007 7 15 12 53 1.0 2007 7 15 15 38 1.0 1 LHZ
BASO PO 2007 7 15 12 53 1.0 2007 7 15 15 38 1.0 1 LHZ
BELQ PO 2007 7 15 12 53 1.0 2007 7 15 15 38 1.0 1 LHZ
BMRO PO 2007 7 15 12 53 1.0 2007 7 15 15 38 1.0 1 LHZ
BRCO PO 2007 7 15 12 53 1.0 2007 7 15 15 38 1.0 1 LHZ
BUKO PO 2007 7 15 12 53 1.0 2007 7 15 15 38 1.0 1 LHZ
BWLO PO 2007 7 15 12 53 1.0 2007 7 15 15 38 1.0 1 LHZ
CHGQ PO 2007 7 15 12 53 1.0 2007 7 15 15 38 1.0 1 LHZ
CLWO PO 2007 7 15 12 53 1.0 2007 7 15 15 38 1.0 1 LHZ
DELO PO 2007 7 15 12 53 1.0 2007 7 15 15 38 1.0 1 LHZ
DRWO PO 2007 7 15 12 53 1.0 2007 7 15 15 38 1.0 1 LHZ
ELFO PO 2007 7 15 12 53 1.0 2007 7 15 15 38 1.0 1 LHZ
KLBO PO 2007 7 15 12 53 1.0 2007 7 15 15 38 1.0 1 LHZ
LATQ PO 2007 7 15 12 53 1.0 2007 7 15 15 38 1.0 1 LHZ
LSQQ PO 2007 7 15 12 53 1.0 2007 7 15 15 38 1.0 1 LHZ
MATQ PO 2007 7 15 12 53 1.0 2007 7 15 15 38 1.0 1 LHZ
MEDO PO 2007 7 15 12 53 1.0 2007 7 15 15 38 1.0 1 LHZ
ORHO PO 2007 7 15 12 53 1.0 2007 7 15 15 38 1.0 1 LHZ
ORIO PO 2007 7 15 12 53 1.0 2007 7 15 15 38 1.0 1 LHZ
PECO PO 2007 7 15 12 53 1.0 2007 7 15 15 38 1.0 1 LHZ
PEMO PO 2007 7 15 12 53 1.0 2007 7 15 15 38 1.0 1 LHZ
PKRO PO 2007 7 15 12 53 1.0 2007 7 15 15 38 1.0 1 LHZ
PLIO PO 2007 7 15 12 53 1.0 2007 7 15 15 38 1.0 1 LHZ
PLVO PO 2007 7 15 12 53 1.0 2007 7 15 15 38 1.0 1 LHZ
STCO PO 2007 7 15 12 53 1.0 2007 7 15 15 38 1.0 1 LHZ
TOBO PO 2007 7 15 12 53 1.0 2007 7 15 15 38 1.0 1 LHZ
TORO PO 2007 7 15 12 53 1.0 2007 7 15 15 38 1.0 1 LHZ
TYNO PO 2007 7 15 12 53 1.0 2007 7 15 15 38 1.0 1 LHZ
WLVO PO 2007 7 15 12 53 1.0 2007 7 15 15 38 1.0 1 LHZ
034A TA 2007 7 15 12 53 1.0 2007 7 15 15 38 1.0 1 LHZ
035A TA 2007 7 15 12 53 1.0 2007 7 15 15 38 1.0 1 LHZ
035Z TA 2007 7 15 12 53 1.0 2007 7 15 15 38 1.0 1 LHZ
058A TA 2007 7 15 12 53 1.0 2007 7 15 15 38 1.0 1 LHZ
059A TA 2007 7 15 12 53 1.0 2007 7 15 15 38 1.0 1 LHZ
059Z TA 2007 7 15 12 53 1.0 2007 7 15 15 38 1.0 1 LHZ
060A TA 2007 7 15 12 53 1.0 2007 7 15 15 38 1.0 1 LHZ
060Z TA 2007 7 15 12 53 1.0 2007 7 15 15 38 1.0 1 LHZ
061Z TA 2007 7 15 12 53 1.0 2007 7 15 15 38 1.0 1 LHZ
062Z TA 2007 7 15 12 53 1.0 2007 7 15 15 38 1.0 1 LHZ
109C TA 2007 7 15 12 53 1.0 2007 7 15 15 38 1.0 1 LHZ
112A TA 2007 7 15 12 53 1.0 2007 7 15 15 38 1.0 1 LHZ
113A TA 2007 7 15 12 53 1.0 2007 7 15 15 38 1.0 1 LHZ
114A TA 2007 7 15 12 53 1.0 2007 7 15 15 38 1.0 1 LHZ
115A TA 2007 7 15 12 53 1.0 2007 7 15 15 38 1.0 1 LHZ
116A TA 2007 7 15 12 53 1.0 2007 7 15 15 38 1.0 1 LHZ
117A TA 2007 7 15 12 53 1.0 2007 7 15 15 38 1.0 1 LHZ
118A TA 2007 7 15 12 53 1.0 2007 7 15 15 38 1.0 1 LHZ
119A TA 2007 7 15 12 53 1.0 2007 7 15 15 38 1.0 1 LHZ
120A TA 2007 7 15 12 53 1.0 2007 7 15 15 38 1.0 1 LHZ
121A TA 2007 7 15 12 53 1.0 2007 7 15 15 38 1.0 1 LHZ
122A TA 2007 7 15 12 53 1.0 2007 7 15 15 38 1.0 1 LHZ
123A TA 2007 7 15 12 53 1.0 2007 7 15 15 38 1.0 1 LHZ
124A TA 2007 7 15 12 53 1.0 2007 7 15 15 38 1.0 1 LHZ
125A TA 2007 7 15 12 53 1.0 2007 7 15 15 38 1.0 1 LHZ
126A TA 2007 7 15 12 53 1.0 2007 7 15 15 38 1.0 1 LHZ
127A TA 2007 7 15 12 53 1.0 2007 7 15 15 38 1.0 1 LHZ
128A TA 2007 7 15 12 53 1.0 2007 7 15 15 38 1.0 1 LHZ
129A TA 2007 7 15 12 53 1.0 2007 7 15 15 38 1.0 1 LHZ
130A TA 2007 7 15 12 53 1.0 2007 7 15 15 38 1.0 1 LHZ
131A TA 2007 7 15 12 53 1.0 2007 7 15 15 38 1.0 1 LHZ
133A TA 2007 7 15 12 53 1.0 2007 7 15 15 38 1.0 1 LHZ
134A TA 2007 7 15 12 53 1.0 2007 7 15 15 38 1.0 1 LHZ
135A TA 2007 7 15 12 53 1.0 2007 7 15 15 38 1.0 1 LHZ
136A TA 2007 7 15 12 53 1.0 2007 7 15 15 38 1.0 1 LHZ
137A TA 2007 7 15 12 53 1.0 2007 7 15 15 38 1.0 1 LHZ
138A TA 2007 7 15 12 53 1.0 2007 7 15 15 38 1.0 1 LHZ
139A TA 2007 7 15 12 53 1.0 2007 7 15 15 38 1.0 1 LHZ
140A TA 2007 7 15 12 53 1.0 2007 7 15 15 38 1.0 1 LHZ
141A TA 2007 7 15 12 53 1.0 2007 7 15 15 38 1.0 1 LHZ
142A TA 2007 7 15 12 53 1.0 2007 7 15 15 38 1.0 1 LHZ
143A TA 2007 7 15 12 53 1.0 2007 7 15 15 38 1.0 1 LHZ
144A TA 2007 7 15 12 53 1.0 2007 7 15 15 38 1.0 1 LHZ
145A TA 2007 7 15 12 53 1.0 2007 7 15 15 38 1.0 1 LHZ
146A TA 2007 7 15 12 53 1.0 2007 7 15 15 38 1.0 1 LHZ
147A TA 2007 7 15 12 53 1.0 2007 7 15 15 38 1.0 1 LHZ
148A TA 2007 7 15 12 53 1.0 2007 7 15 15 38 1.0 1 LHZ
149A TA 2007 7 15 12 53 1.0 2007 7 15 15 38 1.0 1 LHZ
150A TA 2007 7 15 12 53 1.0 2007 7 15 15 38 1.0 1 LHZ
151A TA 2007 7 15 12 53 1.0 2007 7 15 15 38 1.0 1 LHZ
152A TA 2007 7 15 12 53 1.0 2007 7 15 15 38 1.0 1 LHZ
153A TA 2007 7 15 12 53 1.0 2007 7 15 15 38 1.0 1 LHZ
154A TA 2007 7 15 12 53 1.0 2007 7 15 15 38 1.0 1 LHZ
155A TA 2007 7 15 12 53 1.0 2007 7 15 15 38 1.0 1 LHZ
156A TA 2007 7 15 12 53 1.0 2007 7 15 15 38 1.0 1 LHZ
214A TA 2007 7 15 12 53 1.0 2007 7 15 15 38 1.0 1 LHZ
216A TA 2007 7 15 12 53 1.0 2007 7 15 15 38 1.0 1 LHZ
217A TA 2007 7 15 12 53 1.0 2007 7 15 15 38 1.0 1 LHZ
218A TA 2007 7 15 12 53 1.0 2007 7 15 15 38 1.0 1 LHZ
219A TA 2007 7 15 12 53 1.0 2007 7 15 15 38 1.0 1 LHZ
220A TA 2007 7 15 12 53 1.0 2007 7 15 15 38 1.0 1 LHZ
221A TA 2007 7 15 12 53 1.0 2007 7 15 15 38 1.0 1 LHZ
222A TA 2007 7 15 12 53 1.0 2007 7 15 15 38 1.0 1 LHZ
223A TA 2007 7 15 12 53 1.0 2007 7 15 15 38 1.0 1 LHZ
224A TA 2007 7 15 12 53 1.0 2007 7 15 15 38 1.0 1 LHZ
225A TA 2007 7 15 12 53 1.0 2007 7 15 15 38 1.0 1 LHZ
226A TA 2007 7 15 12 53 1.0 2007 7 15 15 38 1.0 1 LHZ
226B TA 2007 7 15 12 53 1.0 2007 7 15 15 38 1.0 1 LHZ
227A TA 2007 7 15 12 53 1.0 2007 7 15 15 38 1.0 1 LHZ
228A TA 2007 7 15 12 53 1.0 2007 7 15 15 38 1.0 1 LHZ
229A TA 2007 7 15 12 53 1.0 2007 7 15 15 38 1.0 1 LHZ
230A TA 2007 7 15 12 53 1.0 2007 7 15 15 38 1.0 1 LHZ
231A TA 2007 7 15 12 53 1.0 2007 7 15 15 38 1.0 1 LHZ
232A TA 2007 7 15 12 53 1.0 2007 7 15 15 38 1.0 1 LHZ
233A TA 2007 7 15 12 53 1.0 2007 7 15 15 38 1.0 1 LHZ
234A TA 2007 7 15 12 53 1.0 2007 7 15 15 38 1.0 1 LHZ
236A TA 2007 7 15 12 53 1.0 2007 7 15 15 38 1.0 1 LHZ
237A TA 2007 7 15 12 53 1.0 2007 7 15 15 38 1.0 1 LHZ
238A TA 2007 7 15 12 53 1.0 2007 7 15 15 38 1.0 1 LHZ
239A TA 2007 7 15 12 53 1.0 2007 7 15 15 38 1.0 1 LHZ
240A TA 2007 7 15 12 53 1.0 2007 7 15 15 38 1.0 1 LHZ
241A TA 2007 7 15 12 53 1.0 2007 7 15 15 38 1.0 1 LHZ
242A TA 2007 7 15 12 53 1.0 2007 7 15 15 38 1.0 1 LHZ
243A TA 2007 7 15 12 53 1.0 2007 7 15 15 38 1.0 1 LHZ
244A TA 2007 7 15 12 53 1.0 2007 7 15 15 38 1.0 1 LHZ
245A TA 2007 7 15 12 53 1.0 2007 7 15 15 38 1.0 1 LHZ
246A TA 2007 7 15 12 53 1.0 2007 7 15 15 38 1.0 1 LHZ
247A TA 2007 7 15 12 53 1.0 2007 7 15 15 38 1.0 1 LHZ
248A TA 2007 7 15 12 53 1.0 2007 7 15 15 38 1.0 1 LHZ
249A TA 2007 7 15 12 53 1.0 2007 7 15 15 38 1.0 1 LHZ
250A TA 2007 7 15 12 53 1.0 2007 7 15 15 38 1.0 1 LHZ
251A TA 2007 7 15 12 53 1.0 2007 7 15 15 38 1.0 1 LHZ
252A TA 2007 7 15 12 53 1.0 2007 7 15 15 38 1.0 1 LHZ
253A TA 2007 7 15 12 53 1.0 2007 7 15 15 38 1.0 1 LHZ
254A TA 2007 7 15 12 53 1.0 2007 7 15 15 38 1.0 1 LHZ
255A TA 2007 7 15 12 53 1.0 2007 7 15 15 38 1.0 1 LHZ
256A TA 2007 7 15 12 53 1.0 2007 7 15 15 38 1.0 1 LHZ
257A TA 2007 7 15 12 53 1.0 2007 7 15 15 38 1.0 1 LHZ
318A TA 2007 7 15 12 53 1.0 2007 7 15 15 38 1.0 1 LHZ
319A TA 2007 7 15 12 53 1.0 2007 7 15 15 38 1.0 1 LHZ
320A TA 2007 7 15 12 53 1.0 2007 7 15 15 38 1.0 1 LHZ
324A TA 2007 7 15 12 53 1.0 2007 7 15 15 38 1.0 1 LHZ
325A TA 2007 7 15 12 53 1.0 2007 7 15 15 38 1.0 1 LHZ
326A TA 2007 7 15 12 53 1.0 2007 7 15 15 38 1.0 1 LHZ
327A TA 2007 7 15 12 53 1.0 2007 7 15 15 38 1.0 1 LHZ
328A TA 2007 7 15 12 53 1.0 2007 7 15 15 38 1.0 1 LHZ
329A TA 2007 7 15 12 53 1.0 2007 7 15 15 38 1.0 1 LHZ
330A TA 2007 7 15 12 53 1.0 2007 7 15 15 38 1.0 1 LHZ
331A TA 2007 7 15 12 53 1.0 2007 7 15 15 38 1.0 1 LHZ
332A TA 2007 7 15 12 53 1.0 2007 7 15 15 38 1.0 1 LHZ
333A TA 2007 7 15 12 53 1.0 2007 7 15 15 38 1.0 1 LHZ
334A TA 2007 7 15 12 53 1.0 2007 7 15 15 38 1.0 1 LHZ
335A TA 2007 7 15 12 53 1.0 2007 7 15 15 38 1.0 1 LHZ
336A TA 2007 7 15 12 53 1.0 2007 7 15 15 38 1.0 1 LHZ
337A TA 2007 7 15 12 53 1.0 2007 7 15 15 38 1.0 1 LHZ
338A TA 2007 7 15 12 53 1.0 2007 7 15 15 38 1.0 1 LHZ
339A TA 2007 7 15 12 53 1.0 2007 7 15 15 38 1.0 1 LHZ
340A TA 2007 7 15 12 53 1.0 2007 7 15 15 38 1.0 1 LHZ
341A TA 2007 7 15 12 53 1.0 2007 7 15 15 38 1.0 1 LHZ
342A TA 2007 7 15 12 53 1.0 2007 7 15 15 38 1.0 1 LHZ
343A TA 2007 7 15 12 53 1.0 2007 7 15 15 38 1.0 1 LHZ
344A TA 2007 7 15 12 53 1.0 2007 7 15 15 38 1.0 1 LHZ
345A TA 2007 7 15 12 53 1.0 2007 7 15 15 38 1.0 1 LHZ
346A TA 2007 7 15 12 53 1.0 2007 7 15 15 38 1.0 1 LHZ
347A TA 2007 7 15 12 53 1.0 2007 7 15 15 38 1.0 1 LHZ
348A TA 2007 7 15 12 53 1.0 2007 7 15 15 38 1.0 1 LHZ
349A TA 2007 7 15 12 53 1.0 2007 7 15 15 38 1.0 1 LHZ
350A TA 2007 7 15 12 53 1.0 2007 7 15 15 38 1.0 1 LHZ
351A TA 2007 7 15 12 53 1.0 2007 7 15 15 38 1.0 1 LHZ
352A TA 2007 7 15 12 53 1.0 2007 7 15 15 38 1.0 1 LHZ
353A TA 2007 7 15 12 53 1.0 2007 7 15 15 38 1.0 1 LHZ
355A TA 2007 7 15 12 53 1.0 2007 7 15 15 38 1.0 1 LHZ
356A TA 2007 7 15 12 53 1.0 2007 7 15 15 38 1.0 1 LHZ
357A TA 2007 7 15 12 53 1.0 2007 7 15 15 38 1.0 1 LHZ
425A TA 2007 7 15 12 53 1.0 2007 7 15 15 38 1.0 1 LHZ
426A TA 2007 7 15 12 53 1.0 2007 7 15 15 38 1.0 1 LHZ
427A TA 2007 7 15 12 53 1.0 2007 7 15 15 38 1.0 1 LHZ
428A TA 2007 7 15 12 53 1.0 2007 7 15 15 38 1.0 1 LHZ
429A TA 2007 7 15 12 53 1.0 2007 7 15 15 38 1.0 1 LHZ
430A TA 2007 7 15 12 53 1.0 2007 7 15 15 38 1.0 1 LHZ
431A TA 2007 7 15 12 53 1.0 2007 7 15 15 38 1.0 1 LHZ
432A TA 2007 7 15 12 53 1.0 2007 7 15 15 38 1.0 1 LHZ
433A TA 2007 7 15 12 53 1.0 2007 7 15 15 38 1.0 1 LHZ
434A TA 2007 7 15 12 53 1.0 2007 7 15 15 38 1.0 1 LHZ
435B TA 2007 7 15 12 53 1.0 2007 7 15 15 38 1.0 1 LHZ
436A TA 2007 7 15 12 53 1.0 2007 7 15 15 38 1.0 1 LHZ
437A TA 2007 7 15 12 53 1.0 2007 7 15 15 38 1.0 1 LHZ
438A TA 2007 7 15 12 53 1.0 2007 7 15 15 38 1.0 1 LHZ
439A TA 2007 7 15 12 53 1.0 2007 7 15 15 38 1.0 1 LHZ
440A TA 2007 7 15 12 53 1.0 2007 7 15 15 38 1.0 1 LHZ
441A TA 2007 7 15 12 53 1.0 2007 7 15 15 38 1.0 1 LHZ
442A TA 2007 7 15 12 53 1.0 2007 7 15 15 38 1.0 1 LHZ
443A TA 2007 7 15 12 53 1.0 2007 7 15 15 38 1.0 1 LHZ
444A TA 2007 7 15 12 53 1.0 2007 7 15 15 38 1.0 1 LHZ
445A TA 2007 7 15 12 53 1.0 2007 7 15 15 38 1.0 1 LHZ
446A TA 2007 7 15 12 53 1.0 2007 7 15 15 38 1.0 1 LHZ
447A TA 2007 7 15 12 53 1.0 2007 7 15 15 38 1.0 1 LHZ
448A TA 2007 7 15 12 53 1.0 2007 7 15 15 38 1.0 1 LHZ
449A TA 2007 7 15 12 53 1.0 2007 7 15 15 38 1.0 1 LHZ
450A TA 2007 7 15 12 53 1.0 2007 7 15 15 38 1.0 1 LHZ
451A TA 2007 7 15 12 53 1.0 2007 7 15 15 38 1.0 1 LHZ
452A TA 2007 7 15 12 53 1.0 2007 7 15 15 38 1.0 1 LHZ
453A TA 2007 7 15 12 53 1.0 2007 7 15 15 38 1.0 1 LHZ
454A TA 2007 7 15 12 53 1.0 2007 7 15 15 38 1.0 1 LHZ
455A TA 2007 7 15 12 53 1.0 2007 7 15 15 38 1.0 1 LHZ
456A TA 2007 7 15 12 53 1.0 2007 7 15 15 38 1.0 1 LHZ
457A TA 2007 7 15 12 53 1.0 2007 7 15 15 38 1.0 1 LHZ
526A TA 2007 7 15 12 53 1.0 2007 7 15 15 38 1.0 1 LHZ
527A TA 2007 7 15 12 53 1.0 2007 7 15 15 38 1.0 1 LHZ
528A TA 2007 7 15 12 53 1.0 2007 7 15 15 38 1.0 1 LHZ
529A TA 2007 7 15 12 53 1.0 2007 7 15 15 38 1.0 1 LHZ
530A TA 2007 7 15 12 53 1.0 2007 7 15 15 38 1.0 1 LHZ
531A TA 2007 7 15 12 53 1.0 2007 7 15 15 38 1.0 1 LHZ
532A TA 2007 7 15 12 53 1.0 2007 7 15 15 38 1.0 1 LHZ
533A TA 2007 7 15 12 53 1.0 2007 7 15 15 38 1.0 1 LHZ
534A TA 2007 7 15 12 53 1.0 2007 7 15 15 38 1.0 1 LHZ
535A TA 2007 7 15 12 53 1.0 2007 7 15 15 38 1.0 1 LHZ
536A TA 2007 7 15 12 53 1.0 2007 7 15 15 38 1.0 1 LHZ
537A TA 2007 7 15 12 53 1.0 2007 7 15 15 38 1.0 1 LHZ
538A TA 2007 7 15 12 53 1.0 2007 7 15 15 38 1.0 1 LHZ
539A TA 2007 7 15 12 53 1.0 2007 7 15 15 38 1.0 1 LHZ
540A TA 2007 7 15 12 53 1.0 2007 7 15 15 38 1.0 1 LHZ
541A TA 2007 7 15 12 53 1.0 2007 7 15 15 38 1.0 1 LHZ
542A TA 2007 7 15 12 53 1.0 2007 7 15 15 38 1.0 1 LHZ
543A TA 2007 7 15 12 53 1.0 2007 7 15 15 38 1.0 1 LHZ
544A TA 2007 7 15 12 53 1.0 2007 7 15 15 38 1.0 1 LHZ
545A TA 2007 7 15 12 53 1.0 2007 7 15 15 38 1.0 1 LHZ
546A TA 2007 7 15 12 53 1.0 2007 7 15 15 38 1.0 1 LHZ
552A TA 2007 7 15 12 53 1.0 2007 7 15 15 38 1.0 1 LHZ
553A TA 2007 7 15 12 53 1.0 2007 7 15 15 38 1.0 1 LHZ
554A TA 2007 7 15 12 53 1.0 2007 7 15 15 38 1.0 1 LHZ
555A TA 2007 7 15 12 53 1.0 2007 7 15 15 38 1.0 1 LHZ
556A TA 2007 7 15 12 53 1.0 2007 7 15 15 38 1.0 1 LHZ
557A TA 2007 7 15 12 53 1.0 2007 7 15 15 38 1.0 1 LHZ
626A TA 2007 7 15 12 53 1.0 2007 7 15 15 38 1.0 1 LHZ
627A TA 2007 7 15 12 53 1.0 2007 7 15 15 38 1.0 1 LHZ
628A TA 2007 7 15 12 53 1.0 2007 7 15 15 38 1.0 1 LHZ
631A TA 2007 7 15 12 53 1.0 2007 7 15 15 38 1.0 1 LHZ
632A TA 2007 7 15 12 53 1.0 2007 7 15 15 38 1.0 1 LHZ
633A TA 2007 7 15 12 53 1.0 2007 7 15 15 38 1.0 1 LHZ
634A TA 2007 7 15 12 53 1.0 2007 7 15 15 38 1.0 1 LHZ
635A TA 2007 7 15 12 53 1.0 2007 7 15 15 38 1.0 1 LHZ
636A TA 2007 7 15 12 53 1.0 2007 7 15 15 38 1.0 1 LHZ
637A TA 2007 7 15 12 53 1.0 2007 7 15 15 38 1.0 1 LHZ
638A TA 2007 7 15 12 53 1.0 2007 7 15 15 38 1.0 1 LHZ
645A TA 2007 7 15 12 53 1.0 2007 7 15 15 38 1.0 1 LHZ
646A TA 2007 7 15 12 53 1.0 2007 7 15 15 38 1.0 1 LHZ
655A TA 2007 7 15 12 53 1.0 2007 7 15 15 38 1.0 1 LHZ
656A TA 2007 7 15 12 53 1.0 2007 7 15 15 38 1.0 1 LHZ
657A TA 2007 7 15 12 53 1.0 2007 7 15 15 38 1.0 1 LHZ
658A TA 2007 7 15 12 53 1.0 2007 7 15 15 38 1.0 1 LHZ
732A TA 2007 7 15 12 53 1.0 2007 7 15 15 38 1.0 1 LHZ
733A TA 2007 7 15 12 53 1.0 2007 7 15 15 38 1.0 1 LHZ
734A TA 2007 7 15 12 53 1.0 2007 7 15 15 38 1.0 1 LHZ
735A TA 2007 7 15 12 53 1.0 2007 7 15 15 38 1.0 1 LHZ
736A TA 2007 7 15 12 53 1.0 2007 7 15 15 38 1.0 1 LHZ
737A TA 2007 7 15 12 53 1.0 2007 7 15 15 38 1.0 1 LHZ
738A TA 2007 7 15 12 53 1.0 2007 7 15 15 38 1.0 1 LHZ
757A TA 2007 7 15 12 53 1.0 2007 7 15 15 38 1.0 1 LHZ
758A TA 2007 7 15 12 53 1.0 2007 7 15 15 38 1.0 1 LHZ
832A TA 2007 7 15 12 53 1.0 2007 7 15 15 38 1.0 1 LHZ
833A TA 2007 7 15 12 53 1.0 2007 7 15 15 38 1.0 1 LHZ
834A TA 2007 7 15 12 53 1.0 2007 7 15 15 38 1.0 1 LHZ
835A TA 2007 7 15 12 53 1.0 2007 7 15 15 38 1.0 1 LHZ
857A TA 2007 7 15 12 53 1.0 2007 7 15 15 38 1.0 1 LHZ
858A TA 2007 7 15 12 53 1.0 2007 7 15 15 38 1.0 1 LHZ
859A TA 2007 7 15 12 53 1.0 2007 7 15 15 38 1.0 1 LHZ
933A TA 2007 7 15 12 53 1.0 2007 7 15 15 38 1.0 1 LHZ
934A TA 2007 7 15 12 53 1.0 2007 7 15 15 38 1.0 1 LHZ
936A TA 2007 7 15 12 53 1.0 2007 7 15 15 38 1.0 1 LHZ
957A TA 2007 7 15 12 53 1.0 2007 7 15 15 38 1.0 1 LHZ
958A TA 2007 7 15 12 53 1.0 2007 7 15 15 38 1.0 1 LHZ
959A TA 2007 7 15 12 53 1.0 2007 7 15 15 38 1.0 1 LHZ
A04A TA 2007 7 15 12 53 1.0 2007 7 15 15 38 1.0 1 LHZ
A05A TA 2007 7 15 12 53 1.0 2007 7 15 15 38 1.0 1 LHZ
A06A TA 2007 7 15 12 53 1.0 2007 7 15 15 38 1.0 1 LHZ
A07A TA 2007 7 15 12 53 1.0 2007 7 15 15 38 1.0 1 LHZ
A08A TA 2007 7 15 12 53 1.0 2007 7 15 15 38 1.0 1 LHZ
A09A TA 2007 7 15 12 53 1.0 2007 7 15 15 38 1.0 1 LHZ
A10A TA 2007 7 15 12 53 1.0 2007 7 15 15 38 1.0 1 LHZ
A11A TA 2007 7 15 12 53 1.0 2007 7 15 15 38 1.0 1 LHZ
A12A TA 2007 7 15 12 53 1.0 2007 7 15 15 38 1.0 1 LHZ
A13A TA 2007 7 15 12 53 1.0 2007 7 15 15 38 1.0 1 LHZ
A14A TA 2007 7 15 12 53 1.0 2007 7 15 15 38 1.0 1 LHZ
A15A TA 2007 7 15 12 53 1.0 2007 7 15 15 38 1.0 1 LHZ
A16A TA 2007 7 15 12 53 1.0 2007 7 15 15 38 1.0 1 LHZ
A17A TA 2007 7 15 12 53 1.0 2007 7 15 15 38 1.0 1 LHZ
A18A TA 2007 7 15 12 53 1.0 2007 7 15 15 38 1.0 1 LHZ
A19A TA 2007 7 15 12 53 1.0 2007 7 15 15 38 1.0 1 LHZ
A20A TA 2007 7 15 12 53 1.0 2007 7 15 15 38 1.0 1 LHZ
A21A TA 2007 7 15 12 53 1.0 2007 7 15 15 38 1.0 1 LHZ
A22A TA 2007 7 15 12 53 1.0 2007 7 15 15 38 1.0 1 LHZ
A23A TA 2007 7 15 12 53 1.0 2007 7 15 15 38 1.0 1 LHZ
A24A TA 2007 7 15 12 53 1.0 2007 7 15 15 38 1.0 1 LHZ
A25A TA 2007 7 15 12 53 1.0 2007 7 15 15 38 1.0 1 LHZ
A26A TA 2007 7 15 12 53 1.0 2007 7 15 15 38 1.0 1 LHZ
A27A TA 2007 7 15 12 53 1.0 2007 7 15 15 38 1.0 1 LHZ
A28A TA 2007 7 15 12 53 1.0 2007 7 15 15 38 1.0 1 LHZ
A29A TA 2007 7 15 12 53 1.0 2007 7 15 15 38 1.0 1 LHZ
A30A TA 2007 7 15 12 53 1.0 2007 7 15 15 38 1.0 1 LHZ
A31A TA 2007 7 15 12 53 1.0 2007 7 15 15 38 1.0 1 LHZ
A32A TA 2007 7 15 12 53 1.0 2007 7 15 15 38 1.0 1 LHZ
A33A TA 2007 7 15 12 53 1.0 2007 7 15 15 38 1.0 1 LHZ
ABTX TA 2007 7 15 12 53 1.0 2007 7 15 15 38 1.0 1 LHZ
B04A TA 2007 7 15 12 53 1.0 2007 7 15 15 38 1.0 1 LHZ
B05A TA 2007 7 15 12 53 1.0 2007 7 15 15 38 1.0 1 LHZ
B06A TA 2007 7 15 12 53 1.0 2007 7 15 15 38 1.0 1 LHZ
B07A TA 2007 7 15 12 53 1.0 2007 7 15 15 38 1.0 1 LHZ
B08A TA 2007 7 15 12 53 1.0 2007 7 15 15 38 1.0 1 LHZ
B09A TA 2007 7 15 12 53 1.0 2007 7 15 15 38 1.0 1 LHZ
B10A TA 2007 7 15 12 53 1.0 2007 7 15 15 38 1.0 1 LHZ
B11A TA 2007 7 15 12 53 1.0 2007 7 15 15 38 1.0 1 LHZ
B12A TA 2007 7 15 12 53 1.0 2007 7 15 15 38 1.0 1 LHZ
B13A TA 2007 7 15 12 53 1.0 2007 7 15 15 38 1.0 1 LHZ
B14A TA 2007 7 15 12 53 1.0 2007 7 15 15 38 1.0 1 LHZ
B15A TA 2007 7 15 12 53 1.0 2007 7 15 15 38 1.0 1 LHZ
B16A TA 2007 7 15 12 53 1.0 2007 7 15 15 38 1.0 1 LHZ
B17A TA 2007 7 15 12 53 1.0 2007 7 15 15 38 1.0 1 LHZ
B18A TA 2007 7 15 12 53 1.0 2007 7 15 15 38 1.0 1 LHZ
B19A TA 2007 7 15 12 53 1.0 2007 7 15 15 38 1.0 1 LHZ
B20A TA 2007 7 15 12 53 1.0 2007 7 15 15 38 1.0 1 LHZ
B21A TA 2007 7 15 12 53 1.0 2007 7 15 15 38 1.0 1 LHZ
B22A TA 2007 7 15 12 53 1.0 2007 7 15 15 38 1.0 1 LHZ
B23A TA 2007 7 15 12 53 1.0 2007 7 15 15 38 1.0 1 LHZ
B25A TA 2007 7 15 12 53 1.0 2007 7 15 15 38 1.0 1 LHZ
B26A TA 2007 7 15 12 53 1.0 2007 7 15 15 38 1.0 1 LHZ
B27A TA 2007 7 15 12 53 1.0 2007 7 15 15 38 1.0 1 LHZ
B28A TA 2007 7 15 12 53 1.0 2007 7 15 15 38 1.0 1 LHZ
B29A TA 2007 7 15 12 53 1.0 2007 7 15 15 38 1.0 1 LHZ
B30A TA 2007 7 15 12 53 1.0 2007 7 15 15 38 1.0 1 LHZ
B31A TA 2007 7 15 12 53 1.0 2007 7 15 15 38 1.0 1 LHZ
B32A TA 2007 7 15 12 53 1.0 2007 7 15 15 38 1.0 1 LHZ
B33A TA 2007 7 15 12 53 1.0 2007 7 15 15 38 1.0 1 LHZ
B34A TA 2007 7 15 12 53 1.0 2007 7 15 15 38 1.0 1 LHZ
B35A TA 2007 7 15 12 53 1.0 2007 7 15 15 38 1.0 1 LHZ
BGNE TA 2007 7 15 12 53 1.0 2007 7 15 15 38 1.0 1 LHZ
BNLO TA 2007 7 15 12 53 1.0 2007 7 15 15 38 1.0 1 LHZ
BRSD TA 2007 7 15 12 53 1.0 2007 7 15 15 38 1.0 1 LHZ
C03A TA 2007 7 15 12 53 1.0 2007 7 15 15 38 1.0 1 LHZ
C04A TA 2007 7 15 12 53 1.0 2007 7 15 15 38 1.0 1 LHZ
C05A TA 2007 7 15 12 53 1.0 2007 7 15 15 38 1.0 1 LHZ
C06A TA 2007 7 15 12 53 1.0 2007 7 15 15 38 1.0 1 LHZ
C07A TA 2007 7 15 12 53 1.0 2007 7 15 15 38 1.0 1 LHZ
C08A TA 2007 7 15 12 53 1.0 2007 7 15 15 38 1.0 1 LHZ
C09A TA 2007 7 15 12 53 1.0 2007 7 15 15 38 1.0 1 LHZ
C10A TA 2007 7 15 12 53 1.0 2007 7 15 15 38 1.0 1 LHZ
C11A TA 2007 7 15 12 53 1.0 2007 7 15 15 38 1.0 1 LHZ
C12A TA 2007 7 15 12 53 1.0 2007 7 15 15 38 1.0 1 LHZ
C12B TA 2007 7 15 12 53 1.0 2007 7 15 15 38 1.0 1 LHZ
C13A TA 2007 7 15 12 53 1.0 2007 7 15 15 38 1.0 1 LHZ
C14A TA 2007 7 15 12 53 1.0 2007 7 15 15 38 1.0 1 LHZ
C15A TA 2007 7 15 12 53 1.0 2007 7 15 15 38 1.0 1 LHZ
C16A TA 2007 7 15 12 53 1.0 2007 7 15 15 38 1.0 1 LHZ
C17A TA 2007 7 15 12 53 1.0 2007 7 15 15 38 1.0 1 LHZ
C19A TA 2007 7 15 12 53 1.0 2007 7 15 15 38 1.0 1 LHZ
C20A TA 2007 7 15 12 53 1.0 2007 7 15 15 38 1.0 1 LHZ
C21A TA 2007 7 15 12 53 1.0 2007 7 15 15 38 1.0 1 LHZ
C22A TA 2007 7 15 12 53 1.0 2007 7 15 15 38 1.0 1 LHZ
C23A TA 2007 7 15 12 53 1.0 2007 7 15 15 38 1.0 1 LHZ
C24A TA 2007 7 15 12 53 1.0 2007 7 15 15 38 1.0 1 LHZ
C25A TA 2007 7 15 12 53 1.0 2007 7 15 15 38 1.0 1 LHZ
C26A TA 2007 7 15 12 53 1.0 2007 7 15 15 38 1.0 1 LHZ
C27A TA 2007 7 15 12 53 1.0 2007 7 15 15 38 1.0 1 LHZ
C28A TA 2007 7 15 12 53 1.0 2007 7 15 15 38 1.0 1 LHZ
C30A TA 2007 7 15 12 53 1.0 2007 7 15 15 38 1.0 1 LHZ
C31A TA 2007 7 15 12 53 1.0 2007 7 15 15 38 1.0 1 LHZ
C32A TA 2007 7 15 12 53 1.0 2007 7 15 15 38 1.0 1 LHZ
C33A TA 2007 7 15 12 53 1.0 2007 7 15 15 38 1.0 1 LHZ
C34A TA 2007 7 15 12 53 1.0 2007 7 15 15 38 1.0 1 LHZ
C35A TA 2007 7 15 12 53 1.0 2007 7 15 15 38 1.0 1 LHZ
C36A TA 2007 7 15 12 53 1.0 2007 7 15 15 38 1.0 1 LHZ
C37A TA 2007 7 15 12 53 1.0 2007 7 15 15 38 1.0 1 LHZ
C38A TA 2007 7 15 12 53 1.0 2007 7 15 15 38 1.0 1 LHZ
C39A TA 2007 7 15 12 53 1.0 2007 7 15 15 38 1.0 1 LHZ
C40A TA 2007 7 15 12 53 1.0 2007 7 15 15 38 1.0 1 LHZ
D03A TA 2007 7 15 12 53 1.0 2007 7 15 15 38 1.0 1 LHZ
D04A TA 2007 7 15 12 53 1.0 2007 7 15 15 38 1.0 1 LHZ
D05A TA 2007 7 15 12 53 1.0 2007 7 15 15 38 1.0 1 LHZ
D06A TA 2007 7 15 12 53 1.0 2007 7 15 15 38 1.0 1 LHZ
D07A TA 2007 7 15 12 53 1.0 2007 7 15 15 38 1.0 1 LHZ
D08A TA 2007 7 15 12 53 1.0 2007 7 15 15 38 1.0 1 LHZ
D09A TA 2007 7 15 12 53 1.0 2007 7 15 15 38 1.0 1 LHZ
D10A TA 2007 7 15 12 53 1.0 2007 7 15 15 38 1.0 1 LHZ
D11A TA 2007 7 15 12 53 1.0 2007 7 15 15 38 1.0 1 LHZ
D12A TA 2007 7 15 12 53 1.0 2007 7 15 15 38 1.0 1 LHZ
D13A TA 2007 7 15 12 53 1.0 2007 7 15 15 38 1.0 1 LHZ
D14A TA 2007 7 15 12 53 1.0 2007 7 15 15 38 1.0 1 LHZ
D15A TA 2007 7 15 12 53 1.0 2007 7 15 15 38 1.0 1 LHZ
D16A TA 2007 7 15 12 53 1.0 2007 7 15 15 38 1.0 1 LHZ
D17A TA 2007 7 15 12 53 1.0 2007 7 15 15 38 1.0 1 LHZ
D18A TA 2007 7 15 12 53 1.0 2007 7 15 15 38 1.0 1 LHZ
D19A TA 2007 7 15 12 53 1.0 2007 7 15 15 38 1.0 1 LHZ
D20A TA 2007 7 15 12 53 1.0 2007 7 15 15 38 1.0 1 LHZ
D21A TA 2007 7 15 12 53 1.0 2007 7 15 15 38 1.0 1 LHZ
D22A TA 2007 7 15 12 53 1.0 2007 7 15 15 38 1.0 1 LHZ
D23A TA 2007 7 15 12 53 1.0 2007 7 15 15 38 1.0 1 LHZ
D24A TA 2007 7 15 12 53 1.0 2007 7 15 15 38 1.0 1 LHZ
D25A TA 2007 7 15 12 53 1.0 2007 7 15 15 38 1.0 1 LHZ
D26A TA 2007 7 15 12 53 1.0 2007 7 15 15 38 1.0 1 LHZ
D27A TA 2007 7 15 12 53 1.0 2007 7 15 15 38 1.0 1 LHZ
D28A TA 2007 7 15 12 53 1.0 2007 7 15 15 38 1.0 1 LHZ
D29A TA 2007 7 15 12 53 1.0 2007 7 15 15 38 1.0 1 LHZ
D30A TA 2007 7 15 12 53 1.0 2007 7 15 15 38 1.0 1 LHZ
D31A TA 2007 7 15 12 53 1.0 2007 7 15 15 38 1.0 1 LHZ
D32A TA 2007 7 15 12 53 1.0 2007 7 15 15 38 1.0 1 LHZ
D33A TA 2007 7 15 12 53 1.0 2007 7 15 15 38 1.0 1 LHZ
D34A TA 2007 7 15 12 53 1.0 2007 7 15 15 38 1.0 1 LHZ
D35A TA 2007 7 15 12 53 1.0 2007 7 15 15 38 1.0 1 LHZ
D36A TA 2007 7 15 12 53 1.0 2007 7 15 15 38 1.0 1 LHZ
D37A TA 2007 7 15 12 53 1.0 2007 7 15 15 38 1.0 1 LHZ
D41A TA 2007 7 15 12 53 1.0 2007 7 15 15 38 1.0 1 LHZ
D53A TA 2007 7 15 12 53 1.0 2007 7 15 15 38 1.0 1 LHZ
E03A TA 2007 7 15 12 53 1.0 2007 7 15 15 38 1.0 1 LHZ
E04A TA 2007 7 15 12 53 1.0 2007 7 15 15 38 1.0 1 LHZ
E05A TA 2007 7 15 12 53 1.0 2007 7 15 15 38 1.0 1 LHZ
E06A TA 2007 7 15 12 53 1.0 2007 7 15 15 38 1.0 1 LHZ
E07A TA 2007 7 15 12 53 1.0 2007 7 15 15 38 1.0 1 LHZ
E08A TA 2007 7 15 12 53 1.0 2007 7 15 15 38 1.0 1 LHZ
E09A TA 2007 7 15 12 53 1.0 2007 7 15 15 38 1.0 1 LHZ
E10A TA 2007 7 15 12 53 1.0 2007 7 15 15 38 1.0 1 LHZ
E11A TA 2007 7 15 12 53 1.0 2007 7 15 15 38 1.0 1 LHZ
E12A TA 2007 7 15 12 53 1.0 2007 7 15 15 38 1.0 1 LHZ
E13A TA 2007 7 15 12 53 1.0 2007 7 15 15 38 1.0 1 LHZ
E14A TA 2007 7 15 12 53 1.0 2007 7 15 15 38 1.0 1 LHZ
E15A TA 2007 7 15 12 53 1.0 2007 7 15 15 38 1.0 1 LHZ
E16A TA 2007 7 15 12 53 1.0 2007 7 15 15 38 1.0 1 LHZ
E17A TA 2007 7 15 12 53 1.0 2007 7 15 15 38 1.0 1 LHZ
E18A TA 2007 7 15 12 53 1.0 2007 7 15 15 38 1.0 1 LHZ
E19A TA 2007 7 15 12 53 1.0 2007 7 15 15 38 1.0 1 LHZ
E20A TA 2007 7 15 12 53 1.0 2007 7 15 15 38 1.0 1 LHZ
E21A TA 2007 7 15 12 53 1.0 2007 7 15 15 38 1.0 1 LHZ
E22A TA 2007 7 15 12 53 1.0 2007 7 15 15 38 1.0 1 LHZ
E23A TA 2007 7 15 12 53 1.0 2007 7 15 15 38 1.0 1 LHZ
E24A TA 2007 7 15 12 53 1.0 2007 7 15 15 38 1.0 1 LHZ
E25A TA 2007 7 15 12 53 1.0 2007 7 15 15 38 1.0 1 LHZ
E26A TA 2007 7 15 12 53 1.0 2007 7 15 15 38 1.0 1 LHZ
E27A TA 2007 7 15 12 53 1.0 2007 7 15 15 38 1.0 1 LHZ
E28A TA 2007 7 15 12 53 1.0 2007 7 15 15 38 1.0 1 LHZ
E29A TA 2007 7 15 12 53 1.0 2007 7 15 15 38 1.0 1 LHZ
E30A TA 2007 7 15 12 53 1.0 2007 7 15 15 38 1.0 1 LHZ
E31A TA 2007 7 15 12 53 1.0 2007 7 15 15 38 1.0 1 LHZ
E32A TA 2007 7 15 12 53 1.0 2007 7 15 15 38 1.0 1 LHZ
E33A TA 2007 7 15 12 53 1.0 2007 7 15 15 38 1.0 1 LHZ
E34A TA 2007 7 15 12 53 1.0 2007 7 15 15 38 1.0 1 LHZ
E35A TA 2007 7 15 12 53 1.0 2007 7 15 15 38 1.0 1 LHZ
E36A TA 2007 7 15 12 53 1.0 2007 7 15 15 38 1.0 1 LHZ
E37A TA 2007 7 15 12 53 1.0 2007 7 15 15 38 1.0 1 LHZ
E38A TA 2007 7 15 12 53 1.0 2007 7 15 15 38 1.0 1 LHZ
E39A TA 2007 7 15 12 53 1.0 2007 7 15 15 38 1.0 1 LHZ
E40A TA 2007 7 15 12 53 1.0 2007 7 15 15 38 1.0 1 LHZ
E41A TA 2007 7 15 12 53 1.0 2007 7 15 15 38 1.0 1 LHZ
E42A TA 2007 7 15 12 53 1.0 2007 7 15 15 38 1.0 1 LHZ
E43A TA 2007 7 15 12 53 1.0 2007 7 15 15 38 1.0 1 LHZ
E44A TA 2007 7 15 12 53 1.0 2007 7 15 15 38 1.0 1 LHZ
E45A TA 2007 7 15 12 53 1.0 2007 7 15 15 38 1.0 1 LHZ
ELFS TA 2007 7 15 12 53 1.0 2007 7 15 15 38 1.0 1 LHZ
F03A TA 2007 7 15 12 53 1.0 2007 7 15 15 38 1.0 1 LHZ
F04A TA 2007 7 15 12 53 1.0 2007 7 15 15 38 1.0 1 LHZ
F05A TA 2007 7 15 12 53 1.0 2007 7 15 15 38 1.0 1 LHZ
F06A TA 2007 7 15 12 53 1.0 2007 7 15 15 38 1.0 1 LHZ
F07A TA 2007 7 15 12 53 1.0 2007 7 15 15 38 1.0 1 LHZ
F08A TA 2007 7 15 12 53 1.0 2007 7 15 15 38 1.0 1 LHZ
F09A TA 2007 7 15 12 53 1.0 2007 7 15 15 38 1.0 1 LHZ
F10A TA 2007 7 15 12 53 1.0 2007 7 15 15 38 1.0 1 LHZ
F11A TA 2007 7 15 12 53 1.0 2007 7 15 15 38 1.0 1 LHZ
F12A TA 2007 7 15 12 53 1.0 2007 7 15 15 38 1.0 1 LHZ
F13A TA 2007 7 15 12 53 1.0 2007 7 15 15 38 1.0 1 LHZ
F14A TA 2007 7 15 12 53 1.0 2007 7 15 15 38 1.0 1 LHZ
F15A TA 2007 7 15 12 53 1.0 2007 7 15 15 38 1.0 1 LHZ
F16A TA 2007 7 15 12 53 1.0 2007 7 15 15 38 1.0 1 LHZ
F17A TA 2007 7 15 12 53 1.0 2007 7 15 15 38 1.0 1 LHZ
F18A TA 2007 7 15 12 53 1.0 2007 7 15 15 38 1.0 1 LHZ
F19A TA 2007 7 15 12 53 1.0 2007 7 15 15 38 1.0 1 LHZ
F20A TA 2007 7 15 12 53 1.0 2007 7 15 15 38 1.0 1 LHZ
F21A TA 2007 7 15 12 53 1.0 2007 7 15 15 38 1.0 1 LHZ
F22A TA 2007 7 15 12 53 1.0 2007 7 15 15 38 1.0 1 LHZ
F23A TA 2007 7 15 12 53 1.0 2007 7 15 15 38 1.0 1 LHZ
F24A TA 2007 7 15 12 53 1.0 2007 7 15 15 38 1.0 1 LHZ
F25A TA 2007 7 15 12 53 1.0 2007 7 15 15 38 1.0 1 LHZ
F26A TA 2007 7 15 12 53 1.0 2007 7 15 15 38 1.0 1 LHZ
F27A TA 2007 7 15 12 53 1.0 2007 7 15 15 38 1.0 1 LHZ
F28A TA 2007 7 15 12 53 1.0 2007 7 15 15 38 1.0 1 LHZ
F29A TA 2007 7 15 12 53 1.0 2007 7 15 15 38 1.0 1 LHZ
F30A TA 2007 7 15 12 53 1.0 2007 7 15 15 38 1.0 1 LHZ
F31A TA 2007 7 15 12 53 1.0 2007 7 15 15 38 1.0 1 LHZ
F32A TA 2007 7 15 12 53 1.0 2007 7 15 15 38 1.0 1 LHZ
F33A TA 2007 7 15 12 53 1.0 2007 7 15 15 38 1.0 1 LHZ
F34A TA 2007 7 15 12 53 1.0 2007 7 15 15 38 1.0 1 LHZ
F35A TA 2007 7 15 12 53 1.0 2007 7 15 15 38 1.0 1 LHZ
F36A TA 2007 7 15 12 53 1.0 2007 7 15 15 38 1.0 1 LHZ
F37A TA 2007 7 15 12 53 1.0 2007 7 15 15 38 1.0 1 LHZ
F38A TA 2007 7 15 12 53 1.0 2007 7 15 15 38 1.0 1 LHZ
F39A TA 2007 7 15 12 53 1.0 2007 7 15 15 38 1.0 1 LHZ
F40A TA 2007 7 15 12 53 1.0 2007 7 15 15 38 1.0 1 LHZ
F41A TA 2007 7 15 12 53 1.0 2007 7 15 15 38 1.0 1 LHZ
F42A TA 2007 7 15 12 53 1.0 2007 7 15 15 38 1.0 1 LHZ
F43A TA 2007 7 15 12 53 1.0 2007 7 15 15 38 1.0 1 LHZ
F44A TA 2007 7 15 12 53 1.0 2007 7 15 15 38 1.0 1 LHZ
F45A TA 2007 7 15 12 53 1.0 2007 7 15 15 38 1.0 1 LHZ
F46A TA 2007 7 15 12 53 1.0 2007 7 15 15 38 1.0 1 LHZ
G03A TA 2007 7 15 12 53 1.0 2007 7 15 15 38 1.0 1 LHZ
G04A TA 2007 7 15 12 53 1.0 2007 7 15 15 38 1.0 1 LHZ
G05A TA 2007 7 15 12 53 1.0 2007 7 15 15 38 1.0 1 LHZ
G06A TA 2007 7 15 12 53 1.0 2007 7 15 15 38 1.0 1 LHZ
G07A TA 2007 7 15 12 53 1.0 2007 7 15 15 38 1.0 1 LHZ
G08A TA 2007 7 15 12 53 1.0 2007 7 15 15 38 1.0 1 LHZ
G09A TA 2007 7 15 12 53 1.0 2007 7 15 15 38 1.0 1 LHZ
G10A TA 2007 7 15 12 53 1.0 2007 7 15 15 38 1.0 1 LHZ
G11A TA 2007 7 15 12 53 1.0 2007 7 15 15 38 1.0 1 LHZ
G12A TA 2007 7 15 12 53 1.0 2007 7 15 15 38 1.0 1 LHZ
G13A TA 2007 7 15 12 53 1.0 2007 7 15 15 38 1.0 1 LHZ
G14A TA 2007 7 15 12 53 1.0 2007 7 15 15 38 1.0 1 LHZ
G15A TA 2007 7 15 12 53 1.0 2007 7 15 15 38 1.0 1 LHZ
G16A TA 2007 7 15 12 53 1.0 2007 7 15 15 38 1.0 1 LHZ
G17A TA 2007 7 15 12 53 1.0 2007 7 15 15 38 1.0 1 LHZ
G18A TA 2007 7 15 12 53 1.0 2007 7 15 15 38 1.0 1 LHZ
G20A TA 2007 7 15 12 53 1.0 2007 7 15 15 38 1.0 1 LHZ
G21A TA 2007 7 15 12 53 1.0 2007 7 15 15 38 1.0 1 LHZ
G22A TA 2007 7 15 12 53 1.0 2007 7 15 15 38 1.0 1 LHZ
G23A TA 2007 7 15 12 53 1.0 2007 7 15 15 38 1.0 1 LHZ
G24A TA 2007 7 15 12 53 1.0 2007 7 15 15 38 1.0 1 LHZ
G25A TA 2007 7 15 12 53 1.0 2007 7 15 15 38 1.0 1 LHZ
G26A TA 2007 7 15 12 53 1.0 2007 7 15 15 38 1.0 1 LHZ
G27A TA 2007 7 15 12 53 1.0 2007 7 15 15 38 1.0 1 LHZ
G28A TA 2007 7 15 12 53 1.0 2007 7 15 15 38 1.0 1 LHZ
G29A TA 2007 7 15 12 53 1.0 2007 7 15 15 38 1.0 1 LHZ
G30A TA 2007 7 15 12 53 1.0 2007 7 15 15 38 1.0 1 LHZ
G31A TA 2007 7 15 12 53 1.0 2007 7 15 15 38 1.0 1 LHZ
G32A TA 2007 7 15 12 53 1.0 2007 7 15 15 38 1.0 1 LHZ
G33A TA 2007 7 15 12 53 1.0 2007 7 15 15 38 1.0 1 LHZ
G34A TA 2007 7 15 12 53 1.0 2007 7 15 15 38 1.0 1 LHZ
G35A TA 2007 7 15 12 53 1.0 2007 7 15 15 38 1.0 1 LHZ
G36A TA 2007 7 15 12 53 1.0 2007 7 15 15 38 1.0 1 LHZ
G38A TA 2007 7 15 12 53 1.0 2007 7 15 15 38 1.0 1 LHZ
G39A TA 2007 7 15 12 53 1.0 2007 7 15 15 38 1.0 1 LHZ
G40A TA 2007 7 15 12 53 1.0 2007 7 15 15 38 1.0 1 LHZ
G41A TA 2007 7 15 12 53 1.0 2007 7 15 15 38 1.0 1 LHZ
G42A TA 2007 7 15 12 53 1.0 2007 7 15 15 38 1.0 1 LHZ
G43A TA 2007 7 15 12 53 1.0 2007 7 15 15 38 1.0 1 LHZ
H02A TA 2007 7 15 12 53 1.0 2007 7 15 15 38 1.0 1 LHZ
H03A TA 2007 7 15 12 53 1.0 2007 7 15 15 38 1.0 1 LHZ
H04A TA 2007 7 15 12 53 1.0 2007 7 15 15 38 1.0 1 LHZ
H05A TA 2007 7 15 12 53 1.0 2007 7 15 15 38 1.0 1 LHZ
H06A TA 2007 7 15 12 53 1.0 2007 7 15 15 38 1.0 1 LHZ
H07A TA 2007 7 15 12 53 1.0 2007 7 15 15 38 1.0 1 LHZ
H08A TA 2007 7 15 12 53 1.0 2007 7 15 15 38 1.0 1 LHZ
H09A TA 2007 7 15 12 53 1.0 2007 7 15 15 38 1.0 1 LHZ
H10A TA 2007 7 15 12 53 1.0 2007 7 15 15 38 1.0 1 LHZ
H11A TA 2007 7 15 12 53 1.0 2007 7 15 15 38 1.0 1 LHZ
H12A TA 2007 7 15 12 53 1.0 2007 7 15 15 38 1.0 1 LHZ
H13A TA 2007 7 15 12 53 1.0 2007 7 15 15 38 1.0 1 LHZ
H14A TA 2007 7 15 12 53 1.0 2007 7 15 15 38 1.0 1 LHZ
H15A TA 2007 7 15 12 53 1.0 2007 7 15 15 38 1.0 1 LHZ
H16A TA 2007 7 15 12 53 1.0 2007 7 15 15 38 1.0 1 LHZ
H17A TA 2007 7 15 12 53 1.0 2007 7 15 15 38 1.0 1 LHZ
H18A TA 2007 7 15 12 53 1.0 2007 7 15 15 38 1.0 1 LHZ
H19A TA 2007 7 15 12 53 1.0 2007 7 15 15 38 1.0 1 LHZ
H20A TA 2007 7 15 12 53 1.0 2007 7 15 15 38 1.0 1 LHZ
H21A TA 2007 7 15 12 53 1.0 2007 7 15 15 38 1.0 1 LHZ
H22A TA 2007 7 15 12 53 1.0 2007 7 15 15 38 1.0 1 LHZ
H23A TA 2007 7 15 12 53 1.0 2007 7 15 15 38 1.0 1 LHZ
H24A TA 2007 7 15 12 53 1.0 2007 7 15 15 38 1.0 1 LHZ
H25A TA 2007 7 15 12 53 1.0 2007 7 15 15 38 1.0 1 LHZ
H26A TA 2007 7 15 12 53 1.0 2007 7 15 15 38 1.0 1 LHZ
H27A TA 2007 7 15 12 53 1.0 2007 7 15 15 38 1.0 1 LHZ
H28A TA 2007 7 15 12 53 1.0 2007 7 15 15 38 1.0 1 LHZ
H29A TA 2007 7 15 12 53 1.0 2007 7 15 15 38 1.0 1 LHZ
H31A TA 2007 7 15 12 53 1.0 2007 7 15 15 38 1.0 1 LHZ
H32A TA 2007 7 15 12 53 1.0 2007 7 15 15 38 1.0 1 LHZ
H33A TA 2007 7 15 12 53 1.0 2007 7 15 15 38 1.0 1 LHZ
H34A TA 2007 7 15 12 53 1.0 2007 7 15 15 38 1.0 1 LHZ
H35A TA 2007 7 15 12 53 1.0 2007 7 15 15 38 1.0 1 LHZ
H36A TA 2007 7 15 12 53 1.0 2007 7 15 15 38 1.0 1 LHZ
H37A TA 2007 7 15 12 53 1.0 2007 7 15 15 38 1.0 1 LHZ
H38A TA 2007 7 15 12 53 1.0 2007 7 15 15 38 1.0 1 LHZ
H39A TA 2007 7 15 12 53 1.0 2007 7 15 15 38 1.0 1 LHZ
H40A TA 2007 7 15 12 53 1.0 2007 7 15 15 38 1.0 1 LHZ
H41A TA 2007 7 15 12 53 1.0 2007 7 15 15 38 1.0 1 LHZ
H42A TA 2007 7 15 12 53 1.0 2007 7 15 15 38 1.0 1 LHZ
H43A TA 2007 7 15 12 53 1.0 2007 7 15 15 38 1.0 1 LHZ
HAST TA 2007 7 15 12 53 1.0 2007 7 15 15 38 1.0 1 LHZ
HATC TA 2007 7 15 12 53 1.0 2007 7 15 15 38 1.0 1 LHZ
HDA TA 2007 7 15 12 53 1.0 2007 7 15 15 38 1.0 1 LHZ
HELL TA 2007 7 15 12 53 1.0 2007 7 15 15 38 1.0 1 LHZ
I02A TA 2007 7 15 12 53 1.0 2007 7 15 15 38 1.0 1 LHZ
I03A TA 2007 7 15 12 53 1.0 2007 7 15 15 38 1.0 1 LHZ
I04A TA 2007 7 15 12 53 1.0 2007 7 15 15 38 1.0 1 LHZ
I05A TA 2007 7 15 12 53 1.0 2007 7 15 15 38 1.0 1 LHZ
I06A TA 2007 7 15 12 53 1.0 2007 7 15 15 38 1.0 1 LHZ
I07A TA 2007 7 15 12 53 1.0 2007 7 15 15 38 1.0 1 LHZ
I08A TA 2007 7 15 12 53 1.0 2007 7 15 15 38 1.0 1 LHZ
I09A TA 2007 7 15 12 53 1.0 2007 7 15 15 38 1.0 1 LHZ
I10A TA 2007 7 15 12 53 1.0 2007 7 15 15 38 1.0 1 LHZ
I11A TA 2007 7 15 12 53 1.0 2007 7 15 15 38 1.0 1 LHZ
I12A TA 2007 7 15 12 53 1.0 2007 7 15 15 38 1.0 1 LHZ
I13A TA 2007 7 15 12 53 1.0 2007 7 15 15 38 1.0 1 LHZ
I14A TA 2007 7 15 12 53 1.0 2007 7 15 15 38 1.0 1 LHZ
I15A TA 2007 7 15 12 53 1.0 2007 7 15 15 38 1.0 1 LHZ
I16A TA 2007 7 15 12 53 1.0 2007 7 15 15 38 1.0 1 LHZ
I17A TA 2007 7 15 12 53 1.0 2007 7 15 15 38 1.0 1 LHZ
I18A TA 2007 7 15 12 53 1.0 2007 7 15 15 38 1.0 1 LHZ
I19A TA 2007 7 15 12 53 1.0 2007 7 15 15 38 1.0 1 LHZ
I20A TA 2007 7 15 12 53 1.0 2007 7 15 15 38 1.0 1 LHZ
I21A TA 2007 7 15 12 53 1.0 2007 7 15 15 38 1.0 1 LHZ
I22A TA 2007 7 15 12 53 1.0 2007 7 15 15 38 1.0 1 LHZ
I23A TA 2007 7 15 12 53 1.0 2007 7 15 15 38 1.0 1 LHZ
I24A TA 2007 7 15 12 53 1.0 2007 7 15 15 38 1.0 1 LHZ
I25A TA 2007 7 15 12 53 1.0 2007 7 15 15 38 1.0 1 LHZ
I26A TA 2007 7 15 12 53 1.0 2007 7 15 15 38 1.0 1 LHZ
I27A TA 2007 7 15 12 53 1.0 2007 7 15 15 38 1.0 1 LHZ
I28A TA 2007 7 15 12 53 1.0 2007 7 15 15 38 1.0 1 LHZ
I29A TA 2007 7 15 12 53 1.0 2007 7 15 15 38 1.0 1 LHZ
I30A TA 2007 7 15 12 53 1.0 2007 7 15 15 38 1.0 1 LHZ
I31A TA 2007 7 15 12 53 1.0 2007 7 15 15 38 1.0 1 LHZ
I32A TA 2007 7 15 12 53 1.0 2007 7 15 15 38 1.0 1 LHZ
I33A TA 2007 7 15 12 53 1.0 2007 7 15 15 38 1.0 1 LHZ
I34A TA 2007 7 15 12 53 1.0 2007 7 15 15 38 1.0 1 LHZ
I35A TA 2007 7 15 12 53 1.0 2007 7 15 15 38 1.0 1 LHZ
I36A TA 2007 7 15 12 53 1.0 2007 7 15 15 38 1.0 1 LHZ
I37A TA 2007 7 15 12 53 1.0 2007 7 15 15 38 1.0 1 LHZ
I38A TA 2007 7 15 12 53 1.0 2007 7 15 15 38 1.0 1 LHZ
I39A TA 2007 7 15 12 53 1.0 2007 7 15 15 38 1.0 1 LHZ
I40A TA 2007 7 15 12 53 1.0 2007 7 15 15 38 1.0 1 LHZ
I41A TA 2007 7 15 12 53 1.0 2007 7 15 15 38 1.0 1 LHZ
I42A TA 2007 7 15 12 53 1.0 2007 7 15 15 38 1.0 1 LHZ
I43A TA 2007 7 15 12 53 1.0 2007 7 15 15 38 1.0 1 LHZ
J02A TA 2007 7 15 12 53 1.0 2007 7 15 15 38 1.0 1 LHZ
J03A TA 2007 7 15 12 53 1.0 2007 7 15 15 38 1.0 1 LHZ
J04A TA 2007 7 15 12 53 1.0 2007 7 15 15 38 1.0 1 LHZ
J05A TA 2007 7 15 12 53 1.0 2007 7 15 15 38 1.0 1 LHZ
J06A TA 2007 7 15 12 53 1.0 2007 7 15 15 38 1.0 1 LHZ
J07A TA 2007 7 15 12 53 1.0 2007 7 15 15 38 1.0 1 LHZ
J08A TA 2007 7 15 12 53 1.0 2007 7 15 15 38 1.0 1 LHZ
J09A TA 2007 7 15 12 53 1.0 2007 7 15 15 38 1.0 1 LHZ
J10A TA 2007 7 15 12 53 1.0 2007 7 15 15 38 1.0 1 LHZ
J11A TA 2007 7 15 12 53 1.0 2007 7 15 15 38 1.0 1 LHZ
J12A TA 2007 7 15 12 53 1.0 2007 7 15 15 38 1.0 1 LHZ
J13A TA 2007 7 15 12 53 1.0 2007 7 15 15 38 1.0 1 LHZ
J14A TA 2007 7 15 12 53 1.0 2007 7 15 15 38 1.0 1 LHZ
J15A TA 2007 7 15 12 53 1.0 2007 7 15 15 38 1.0 1 LHZ
J16A TA 2007 7 15 12 53 1.0 2007 7 15 15 38 1.0 1 LHZ
J17A TA 2007 7 15 12 53 1.0 2007 7 15 15 38 1.0 1 LHZ
J18A TA 2007 7 15 12 53 1.0 2007 7 15 15 38 1.0 1 LHZ
J19A TA 2007 7 15 12 53 1.0 2007 7 15 15 38 1.0 1 LHZ
J20A TA 2007 7 15 12 53 1.0 2007 7 15 15 38 1.0 1 LHZ
J21A TA 2007 7 15 12 53 1.0 2007 7 15 15 38 1.0 1 LHZ
J22A TA 2007 7 15 12 53 1.0 2007 7 15 15 38 1.0 1 LHZ
J23A TA 2007 7 15 12 53 1.0 2007 7 15 15 38 1.0 1 LHZ
J24A TA 2007 7 15 12 53 1.0 2007 7 15 15 38 1.0 1 LHZ
J25A TA 2007 7 15 12 53 1.0 2007 7 15 15 38 1.0 1 LHZ
J26A TA 2007 7 15 12 53 1.0 2007 7 15 15 38 1.0 1 LHZ
J27A TA 2007 7 15 12 53 1.0 2007 7 15 15 38 1.0 1 LHZ
J28A TA 2007 7 15 12 53 1.0 2007 7 15 15 38 1.0 1 LHZ
J29A TA 2007 7 15 12 53 1.0 2007 7 15 15 38 1.0 1 LHZ
J30A TA 2007 7 15 12 53 1.0 2007 7 15 15 38 1.0 1 LHZ
J31A TA 2007 7 15 12 53 1.0 2007 7 15 15 38 1.0 1 LHZ
J32A TA 2007 7 15 12 53 1.0 2007 7 15 15 38 1.0 1 LHZ
J33A TA 2007 7 15 12 53 1.0 2007 7 15 15 38 1.0 1 LHZ
J34A TA 2007 7 15 12 53 1.0 2007 7 15 15 38 1.0 1 LHZ
J35A TA 2007 7 15 12 53 1.0 2007 7 15 15 38 1.0 1 LHZ
J36A TA 2007 7 15 12 53 1.0 2007 7 15 15 38 1.0 1 LHZ
J37A TA 2007 7 15 12 53 1.0 2007 7 15 15 38 1.0 1 LHZ
J38A TA 2007 7 15 12 53 1.0 2007 7 15 15 38 1.0 1 LHZ
J39A TA 2007 7 15 12 53 1.0 2007 7 15 15 38 1.0 1 LHZ
J40A TA 2007 7 15 12 53 1.0 2007 7 15 15 38 1.0 1 LHZ
J41A TA 2007 7 15 12 53 1.0 2007 7 15 15 38 1.0 1 LHZ
J42A TA 2007 7 15 12 53 1.0 2007 7 15 15 38 1.0 1 LHZ
J43A TA 2007 7 15 12 53 1.0 2007 7 15 15 38 1.0 1 LHZ
J45A TA 2007 7 15 12 53 1.0 2007 7 15 15 38 1.0 1 LHZ
J46A TA 2007 7 15 12 53 1.0 2007 7 15 15 38 1.0 1 LHZ
J47A TA 2007 7 15 12 53 1.0 2007 7 15 15 38 1.0 1 LHZ
K01A TA 2007 7 15 12 53 1.0 2007 7 15 15 38 1.0 1 LHZ
K02A TA 2007 7 15 12 53 1.0 2007 7 15 15 38 1.0 1 LHZ
K04A TA 2007 7 15 12 53 1.0 2007 7 15 15 38 1.0 1 LHZ
K05A TA 2007 7 15 12 53 1.0 2007 7 15 15 38 1.0 1 LHZ
K06A TA 2007 7 15 12 53 1.0 2007 7 15 15 38 1.0 1 LHZ
K07A TA 2007 7 15 12 53 1.0 2007 7 15 15 38 1.0 1 LHZ
K08A TA 2007 7 15 12 53 1.0 2007 7 15 15 38 1.0 1 LHZ
K09A TA 2007 7 15 12 53 1.0 2007 7 15 15 38 1.0 1 LHZ
K10A TA 2007 7 15 12 53 1.0 2007 7 15 15 38 1.0 1 LHZ
K11A TA 2007 7 15 12 53 1.0 2007 7 15 15 38 1.0 1 LHZ
K12A TA 2007 7 15 12 53 1.0 2007 7 15 15 38 1.0 1 LHZ
K13A TA 2007 7 15 12 53 1.0 2007 7 15 15 38 1.0 1 LHZ
K14A TA 2007 7 15 12 53 1.0 2007 7 15 15 38 1.0 1 LHZ
K15A TA 2007 7 15 12 53 1.0 2007 7 15 15 38 1.0 1 LHZ
K16A TA 2007 7 15 12 53 1.0 2007 7 15 15 38 1.0 1 LHZ
K17A TA 2007 7 15 12 53 1.0 2007 7 15 15 38 1.0 1 LHZ
K18A TA 2007 7 15 12 53 1.0 2007 7 15 15 38 1.0 1 LHZ
K19A TA 2007 7 15 12 53 1.0 2007 7 15 15 38 1.0 1 LHZ
K20A TA 2007 7 15 12 53 1.0 2007 7 15 15 38 1.0 1 LHZ
K21A TA 2007 7 15 12 53 1.0 2007 7 15 15 38 1.0 1 LHZ
K22A TA 2007 7 15 12 53 1.0 2007 7 15 15 38 1.0 1 LHZ
K23A TA 2007 7 15 12 53 1.0 2007 7 15 15 38 1.0 1 LHZ
K24A TA 2007 7 15 12 53 1.0 2007 7 15 15 38 1.0 1 LHZ
K25A TA 2007 7 15 12 53 1.0 2007 7 15 15 38 1.0 1 LHZ
K26A TA 2007 7 15 12 53 1.0 2007 7 15 15 38 1.0 1 LHZ
K27A TA 2007 7 15 12 53 1.0 2007 7 15 15 38 1.0 1 LHZ
K28A TA 2007 7 15 12 53 1.0 2007 7 15 15 38 1.0 1 LHZ
K29A TA 2007 7 15 12 53 1.0 2007 7 15 15 38 1.0 1 LHZ
K30A TA 2007 7 15 12 53 1.0 2007 7 15 15 38 1.0 1 LHZ
K31A TA 2007 7 15 12 53 1.0 2007 7 15 15 38 1.0 1 LHZ
K32A TA 2007 7 15 12 53 1.0 2007 7 15 15 38 1.0 1 LHZ
K33A TA 2007 7 15 12 53 1.0 2007 7 15 15 38 1.0 1 LHZ
K34A TA 2007 7 15 12 53 1.0 2007 7 15 15 38 1.0 1 LHZ
K35A TA 2007 7 15 12 53 1.0 2007 7 15 15 38 1.0 1 LHZ
K36A TA 2007 7 15 12 53 1.0 2007 7 15 15 38 1.0 1 LHZ
K37A TA 2007 7 15 12 53 1.0 2007 7 15 15 38 1.0 1 LHZ
K38A TA 2007 7 15 12 53 1.0 2007 7 15 15 38 1.0 1 LHZ
K39A TA 2007 7 15 12 53 1.0 2007 7 15 15 38 1.0 1 LHZ
K40A TA 2007 7 15 12 53 1.0 2007 7 15 15 38 1.0 1 LHZ
K41A TA 2007 7 15 12 53 1.0 2007 7 15 15 38 1.0 1 LHZ
K42A TA 2007 7 15 12 53 1.0 2007 7 15 15 38 1.0 1 LHZ
K43A TA 2007 7 15 12 53 1.0 2007 7 15 15 38 1.0 1 LHZ
K46A TA 2007 7 15 12 53 1.0 2007 7 15 15 38 1.0 1 LHZ
K47A TA 2007 7 15 12 53 1.0 2007 7 15 15 38 1.0 1 LHZ
K48A TA 2007 7 15 12 53 1.0 2007 7 15 15 38 1.0 1 LHZ
KMSC TA 2007 7 15 12 53 1.0 2007 7 15 15 38 1.0 1 LHZ
KSCO TA 2007 7 15 12 53 1.0 2007 7 15 15 38 1.0 1 LHZ
L02A TA 2007 7 15 12 53 1.0 2007 7 15 15 38 1.0 1 LHZ
L04A TA 2007 7 15 12 53 1.0 2007 7 15 15 38 1.0 1 LHZ
L05A TA 2007 7 15 12 53 1.0 2007 7 15 15 38 1.0 1 LHZ
L07A TA 2007 7 15 12 53 1.0 2007 7 15 15 38 1.0 1 LHZ
L08A TA 2007 7 15 12 53 1.0 2007 7 15 15 38 1.0 1 LHZ
L09A TA 2007 7 15 12 53 1.0 2007 7 15 15 38 1.0 1 LHZ
L10A TA 2007 7 15 12 53 1.0 2007 7 15 15 38 1.0 1 LHZ
L11A TA 2007 7 15 12 53 1.0 2007 7 15 15 38 1.0 1 LHZ
L12A TA 2007 7 15 12 53 1.0 2007 7 15 15 38 1.0 1 LHZ
L13A TA 2007 7 15 12 53 1.0 2007 7 15 15 38 1.0 1 LHZ
L14A TA 2007 7 15 12 53 1.0 2007 7 15 15 38 1.0 1 LHZ
L15A TA 2007 7 15 12 53 1.0 2007 7 15 15 38 1.0 1 LHZ
L16A TA 2007 7 15 12 53 1.0 2007 7 15 15 38 1.0 1 LHZ
L17A TA 2007 7 15 12 53 1.0 2007 7 15 15 38 1.0 1 LHZ
L18A TA 2007 7 15 12 53 1.0 2007 7 15 15 38 1.0 1 LHZ
L19A TA 2007 7 15 12 53 1.0 2007 7 15 15 38 1.0 1 LHZ
L20A TA 2007 7 15 12 53 1.0 2007 7 15 15 38 1.0 1 LHZ
L21A TA 2007 7 15 12 53 1.0 2007 7 15 15 38 1.0 1 LHZ
L22A TA 2007 7 15 12 53 1.0 2007 7 15 15 38 1.0 1 LHZ
L23A TA 2007 7 15 12 53 1.0 2007 7 15 15 38 1.0 1 LHZ
L24A TA 2007 7 15 12 53 1.0 2007 7 15 15 38 1.0 1 LHZ
L25A TA 2007 7 15 12 53 1.0 2007 7 15 15 38 1.0 1 LHZ
L26A TA 2007 7 15 12 53 1.0 2007 7 15 15 38 1.0 1 LHZ
L27A TA 2007 7 15 12 53 1.0 2007 7 15 15 38 1.0 1 LHZ
L28A TA 2007 7 15 12 53 1.0 2007 7 15 15 38 1.0 1 LHZ
L29A TA 2007 7 15 12 53 1.0 2007 7 15 15 38 1.0 1 LHZ
L30A TA 2007 7 15 12 53 1.0 2007 7 15 15 38 1.0 1 LHZ
L31A TA 2007 7 15 12 53 1.0 2007 7 15 15 38 1.0 1 LHZ
L32A TA 2007 7 15 12 53 1.0 2007 7 15 15 38 1.0 1 LHZ
L33A TA 2007 7 15 12 53 1.0 2007 7 15 15 38 1.0 1 LHZ
L34A TA 2007 7 15 12 53 1.0 2007 7 15 15 38 1.0 1 LHZ
L35A TA 2007 7 15 12 53 1.0 2007 7 15 15 38 1.0 1 LHZ
L36A TA 2007 7 15 12 53 1.0 2007 7 15 15 38 1.0 1 LHZ
L37A TA 2007 7 15 12 53 1.0 2007 7 15 15 38 1.0 1 LHZ
L38A TA 2007 7 15 12 53 1.0 2007 7 15 15 38 1.0 1 LHZ
L39A TA 2007 7 15 12 53 1.0 2007 7 15 15 38 1.0 1 LHZ
L40A TA 2007 7 15 12 53 1.0 2007 7 15 15 38 1.0 1 LHZ
L41A TA 2007 7 15 12 53 1.0 2007 7 15 15 38 1.0 1 LHZ
L42A TA 2007 7 15 12 53 1.0 2007 7 15 15 38 1.0 1 LHZ
L43A TA 2007 7 15 12 53 1.0 2007 7 15 15 38 1.0 1 LHZ
L44A TA 2007 7 15 12 53 1.0 2007 7 15 15 38 1.0 1 LHZ
L46A TA 2007 7 15 12 53 1.0 2007 7 15 15 38 1.0 1 LHZ
L47A TA 2007 7 15 12 53 1.0 2007 7 15 15 38 1.0 1 LHZ
L48A TA 2007 7 15 12 53 1.0 2007 7 15 15 38 1.0 1 LHZ
L49A TA 2007 7 15 12 53 1.0 2007 7 15 15 38 1.0 1 LHZ
LAVA TA 2007 7 15 12 53 1.0 2007 7 15 15 38 1.0 1 LHZ
M01C TA 2007 7 15 12 53 1.0 2007 7 15 15 38 1.0 1 LHZ
M02C TA 2007 7 15 12 53 1.0 2007 7 15 15 38 1.0 1 LHZ
M03C TA 2007 7 15 12 53 1.0 2007 7 15 15 38 1.0 1 LHZ
M04C TA 2007 7 15 12 53 1.0 2007 7 15 15 38 1.0 1 LHZ
M05C TA 2007 7 15 12 53 1.0 2007 7 15 15 38 1.0 1 LHZ
M06C TA 2007 7 15 12 53 1.0 2007 7 15 15 38 1.0 1 LHZ
M07A TA 2007 7 15 12 53 1.0 2007 7 15 15 38 1.0 1 LHZ
M08A TA 2007 7 15 12 53 1.0 2007 7 15 15 38 1.0 1 LHZ
M09A TA 2007 7 15 12 53 1.0 2007 7 15 15 38 1.0 1 LHZ
M10A TA 2007 7 15 12 53 1.0 2007 7 15 15 38 1.0 1 LHZ
M11A TA 2007 7 15 12 53 1.0 2007 7 15 15 38 1.0 1 LHZ
M12A TA 2007 7 15 12 53 1.0 2007 7 15 15 38 1.0 1 LHZ
M13A TA 2007 7 15 12 53 1.0 2007 7 15 15 38 1.0 1 LHZ
M14A TA 2007 7 15 12 53 1.0 2007 7 15 15 38 1.0 1 LHZ
M15A TA 2007 7 15 12 53 1.0 2007 7 15 15 38 1.0 1 LHZ
M16A TA 2007 7 15 12 53 1.0 2007 7 15 15 38 1.0 1 LHZ
M17A TA 2007 7 15 12 53 1.0 2007 7 15 15 38 1.0 1 LHZ
M18A TA 2007 7 15 12 53 1.0 2007 7 15 15 38 1.0 1 LHZ
M19A TA 2007 7 15 12 53 1.0 2007 7 15 15 38 1.0 1 LHZ
M20A TA 2007 7 15 12 53 1.0 2007 7 15 15 38 1.0 1 LHZ
M21A TA 2007 7 15 12 53 1.0 2007 7 15 15 38 1.0 1 LHZ
M22A TA 2007 7 15 12 53 1.0 2007 7 15 15 38 1.0 1 LHZ
M23A TA 2007 7 15 12 53 1.0 2007 7 15 15 38 1.0 1 LHZ
M24A TA 2007 7 15 12 53 1.0 2007 7 15 15 38 1.0 1 LHZ
M25A TA 2007 7 15 12 53 1.0 2007 7 15 15 38 1.0 1 LHZ
M26A TA 2007 7 15 12 53 1.0 2007 7 15 15 38 1.0 1 LHZ
M27A TA 2007 7 15 12 53 1.0 2007 7 15 15 38 1.0 1 LHZ
M28A TA 2007 7 15 12 53 1.0 2007 7 15 15 38 1.0 1 LHZ
M29A TA 2007 7 15 12 53 1.0 2007 7 15 15 38 1.0 1 LHZ
M30A TA 2007 7 15 12 53 1.0 2007 7 15 15 38 1.0 1 LHZ
M31A TA 2007 7 15 12 53 1.0 2007 7 15 15 38 1.0 1 LHZ
M33A TA 2007 7 15 12 53 1.0 2007 7 15 15 38 1.0 1 LHZ
M34A TA 2007 7 15 12 53 1.0 2007 7 15 15 38 1.0 1 LHZ
M35A TA 2007 7 15 12 53 1.0 2007 7 15 15 38 1.0 1 LHZ
M36A TA 2007 7 15 12 53 1.0 2007 7 15 15 38 1.0 1 LHZ
M37A TA 2007 7 15 12 53 1.0 2007 7 15 15 38 1.0 1 LHZ
M38A TA 2007 7 15 12 53 1.0 2007 7 15 15 38 1.0 1 LHZ
M39A TA 2007 7 15 12 53 1.0 2007 7 15 15 38 1.0 1 LHZ
M40A TA 2007 7 15 12 53 1.0 2007 7 15 15 38 1.0 1 LHZ
M41A TA 2007 7 15 12 53 1.0 2007 7 15 15 38 1.0 1 LHZ
M42A TA 2007 7 15 12 53 1.0 2007 7 15 15 38 1.0 1 LHZ
M43A TA 2007 7 15 12 53 1.0 2007 7 15 15 38 1.0 1 LHZ
M44A TA 2007 7 15 12 53 1.0 2007 7 15 15 38 1.0 1 LHZ
M45A TA 2007 7 15 12 53 1.0 2007 7 15 15 38 1.0 1 LHZ
M46A TA 2007 7 15 12 53 1.0 2007 7 15 15 38 1.0 1 LHZ
M47A TA 2007 7 15 12 53 1.0 2007 7 15 15 38 1.0 1 LHZ
M48A TA 2007 7 15 12 53 1.0 2007 7 15 15 38 1.0 1 LHZ
M49A TA 2007 7 15 12 53 1.0 2007 7 15 15 38 1.0 1 LHZ
M50A TA 2007 7 15 12 53 1.0 2007 7 15 15 38 1.0 1 LHZ
M51A TA 2007 7 15 12 53 1.0 2007 7 15 15 38 1.0 1 LHZ
M65A TA 2007 7 15 12 53 1.0 2007 7 15 15 38 1.0 1 LHZ
MDND TA 2007 7 15 12 53 1.0 2007 7 15 15 38 1.0 1 LHZ
MSTX TA 2007 7 15 12 53 1.0 2007 7 15 15 38 1.0 1 LHZ
N02C TA 2007 7 15 12 53 1.0 2007 7 15 15 38 1.0 1 LHZ
N06A TA 2007 7 15 12 53 1.0 2007 7 15 15 38 1.0 1 LHZ
N07A TA 2007 7 15 12 53 1.0 2007 7 15 15 38 1.0 1 LHZ
N07B TA 2007 7 15 12 53 1.0 2007 7 15 15 38 1.0 1 LHZ
N08A TA 2007 7 15 12 53 1.0 2007 7 15 15 38 1.0 1 LHZ
N09A TA 2007 7 15 12 53 1.0 2007 7 15 15 38 1.0 1 LHZ
N10A TA 2007 7 15 12 53 1.0 2007 7 15 15 38 1.0 1 LHZ
N11A TA 2007 7 15 12 53 1.0 2007 7 15 15 38 1.0 1 LHZ
N12A TA 2007 7 15 12 53 1.0 2007 7 15 15 38 1.0 1 LHZ
N13A TA 2007 7 15 12 53 1.0 2007 7 15 15 38 1.0 1 LHZ
N14A TA 2007 7 15 12 53 1.0 2007 7 15 15 38 1.0 1 LHZ
N15A TA 2007 7 15 12 53 1.0 2007 7 15 15 38 1.0 1 LHZ
N16A TA 2007 7 15 12 53 1.0 2007 7 15 15 38 1.0 1 LHZ
N17A TA 2007 7 15 12 53 1.0 2007 7 15 15 38 1.0 1 LHZ
N18A TA 2007 7 15 12 53 1.0 2007 7 15 15 38 1.0 1 LHZ
N19A TA 2007 7 15 12 53 1.0 2007 7 15 15 38 1.0 1 LHZ
N20A TA 2007 7 15 12 53 1.0 2007 7 15 15 38 1.0 1 LHZ
N21A TA 2007 7 15 12 53 1.0 2007 7 15 15 38 1.0 1 LHZ
N22A TA 2007 7 15 12 53 1.0 2007 7 15 15 38 1.0 1 LHZ
N23A TA 2007 7 15 12 53 1.0 2007 7 15 15 38 1.0 1 LHZ
N24A TA 2007 7 15 12 53 1.0 2007 7 15 15 38 1.0 1 LHZ
N25A TA 2007 7 15 12 53 1.0 2007 7 15 15 38 1.0 1 LHZ
N26A TA 2007 7 15 12 53 1.0 2007 7 15 15 38 1.0 1 LHZ
N27A TA 2007 7 15 12 53 1.0 2007 7 15 15 38 1.0 1 LHZ
N28A TA 2007 7 15 12 53 1.0 2007 7 15 15 38 1.0 1 LHZ
N29A TA 2007 7 15 12 53 1.0 2007 7 15 15 38 1.0 1 LHZ
N30A TA 2007 7 15 12 53 1.0 2007 7 15 15 38 1.0 1 LHZ
N31A TA 2007 7 15 12 53 1.0 2007 7 15 15 38 1.0 1 LHZ
N32A TA 2007 7 15 12 53 1.0 2007 7 15 15 38 1.0 1 LHZ
N33A TA 2007 7 15 12 53 1.0 2007 7 15 15 38 1.0 1 LHZ
N34A TA 2007 7 15 12 53 1.0 2007 7 15 15 38 1.0 1 LHZ
N35A TA 2007 7 15 12 53 1.0 2007 7 15 15 38 1.0 1 LHZ
N36A TA 2007 7 15 12 53 1.0 2007 7 15 15 38 1.0 1 LHZ
N37A TA 2007 7 15 12 53 1.0 2007 7 15 15 38 1.0 1 LHZ
N38A TA 2007 7 15 12 53 1.0 2007 7 15 15 38 1.0 1 LHZ
N39A TA 2007 7 15 12 53 1.0 2007 7 15 15 38 1.0 1 LHZ
N40A TA 2007 7 15 12 53 1.0 2007 7 15 15 38 1.0 1 LHZ
N41A TA 2007 7 15 12 53 1.0 2007 7 15 15 38 1.0 1 LHZ
N42A TA 2007 7 15 12 53 1.0 2007 7 15 15 38 1.0 1 LHZ
N43A TA 2007 7 15 12 53 1.0 2007 7 15 15 38 1.0 1 LHZ
N44A TA 2007 7 15 12 53 1.0 2007 7 15 15 38 1.0 1 LHZ
N45A TA 2007 7 15 12 53 1.0 2007 7 15 15 38 1.0 1 LHZ
N46A TA 2007 7 15 12 53 1.0 2007 7 15 15 38 1.0 1 LHZ
N47A TA 2007 7 15 12 53 1.0 2007 7 15 15 38 1.0 1 LHZ
N48A TA 2007 7 15 12 53 1.0 2007 7 15 15 38 1.0 1 LHZ
N49A TA 2007 7 15 12 53 1.0 2007 7 15 15 38 1.0 1 LHZ
N50A TA 2007 7 15 12 53 1.0 2007 7 15 15 38 1.0 1 LHZ
N51A TA 2007 7 15 12 53 1.0 2007 7 15 15 38 1.0 1 LHZ
O01C TA 2007 7 15 12 53 1.0 2007 7 15 15 38 1.0 1 LHZ
O02C TA 2007 7 15 12 53 1.0 2007 7 15 15 38 1.0 1 LHZ
O03C TA 2007 7 15 12 53 1.0 2007 7 15 15 38 1.0 1 LHZ
O04C TA 2007 7 15 12 53 1.0 2007 7 15 15 38 1.0 1 LHZ
O05C TA 2007 7 15 12 53 1.0 2007 7 15 15 38 1.0 1 LHZ
O06A TA 2007 7 15 12 53 1.0 2007 7 15 15 38 1.0 1 LHZ
O07A TA 2007 7 15 12 53 1.0 2007 7 15 15 38 1.0 1 LHZ
O08A TA 2007 7 15 12 53 1.0 2007 7 15 15 38 1.0 1 LHZ
O09A TA 2007 7 15 12 53 1.0 2007 7 15 15 38 1.0 1 LHZ
O10A TA 2007 7 15 12 53 1.0 2007 7 15 15 38 1.0 1 LHZ
O11A TA 2007 7 15 12 53 1.0 2007 7 15 15 38 1.0 1 LHZ
O12A TA 2007 7 15 12 53 1.0 2007 7 15 15 38 1.0 1 LHZ
O13A TA 2007 7 15 12 53 1.0 2007 7 15 15 38 1.0 1 LHZ
O15A TA 2007 7 15 12 53 1.0 2007 7 15 15 38 1.0 1 LHZ
O16A TA 2007 7 15 12 53 1.0 2007 7 15 15 38 1.0 1 LHZ
O17A TA 2007 7 15 12 53 1.0 2007 7 15 15 38 1.0 1 LHZ
O18A TA 2007 7 15 12 53 1.0 2007 7 15 15 38 1.0 1 LHZ
O19A TA 2007 7 15 12 53 1.0 2007 7 15 15 38 1.0 1 LHZ
O20A TA 2007 7 15 12 53 1.0 2007 7 15 15 38 1.0 1 LHZ
O21A TA 2007 7 15 12 53 1.0 2007 7 15 15 38 1.0 1 LHZ
O22A TA 2007 7 15 12 53 1.0 2007 7 15 15 38 1.0 1 LHZ
O23A TA 2007 7 15 12 53 1.0 2007 7 15 15 38 1.0 1 LHZ
O24A TA 2007 7 15 12 53 1.0 2007 7 15 15 38 1.0 1 LHZ
O25A TA 2007 7 15 12 53 1.0 2007 7 15 15 38 1.0 1 LHZ
O26A TA 2007 7 15 12 53 1.0 2007 7 15 15 38 1.0 1 LHZ
O27A TA 2007 7 15 12 53 1.0 2007 7 15 15 38 1.0 1 LHZ
O28A TA 2007 7 15 12 53 1.0 2007 7 15 15 38 1.0 1 LHZ
O29A TA 2007 7 15 12 53 1.0 2007 7 15 15 38 1.0 1 LHZ
O30A TA 2007 7 15 12 53 1.0 2007 7 15 15 38 1.0 1 LHZ
O31A TA 2007 7 15 12 53 1.0 2007 7 15 15 38 1.0 1 LHZ
O32A TA 2007 7 15 12 53 1.0 2007 7 15 15 38 1.0 1 LHZ
O33A TA 2007 7 15 12 53 1.0 2007 7 15 15 38 1.0 1 LHZ
O34A TA 2007 7 15 12 53 1.0 2007 7 15 15 38 1.0 1 LHZ
O35A TA 2007 7 15 12 53 1.0 2007 7 15 15 38 1.0 1 LHZ
O36A TA 2007 7 15 12 53 1.0 2007 7 15 15 38 1.0 1 LHZ
O37A TA 2007 7 15 12 53 1.0 2007 7 15 15 38 1.0 1 LHZ
O38A TA 2007 7 15 12 53 1.0 2007 7 15 15 38 1.0 1 LHZ
O39A TA 2007 7 15 12 53 1.0 2007 7 15 15 38 1.0 1 LHZ
O40A TA 2007 7 15 12 53 1.0 2007 7 15 15 38 1.0 1 LHZ
O41A TA 2007 7 15 12 53 1.0 2007 7 15 15 38 1.0 1 LHZ
O42A TA 2007 7 15 12 53 1.0 2007 7 15 15 38 1.0 1 LHZ
O43A TA 2007 7 15 12 53 1.0 2007 7 15 15 38 1.0 1 LHZ
O44A TA 2007 7 15 12 53 1.0 2007 7 15 15 38 1.0 1 LHZ
O45A TA 2007 7 15 12 53 1.0 2007 7 15 15 38 1.0 1 LHZ
O47A TA 2007 7 15 12 53 1.0 2007 7 15 15 38 1.0 1 LHZ
O48A TA 2007 7 15 12 53 1.0 2007 7 15 15 38 1.0 1 LHZ
O49A TA 2007 7 15 12 53 1.0 2007 7 15 15 38 1.0 1 LHZ
O50A TA 2007 7 15 12 53 1.0 2007 7 15 15 38 1.0 1 LHZ
O51A TA 2007 7 15 12 53 1.0 2007 7 15 15 38 1.0 1 LHZ
O52A TA 2007 7 15 12 53 1.0 2007 7 15 15 38 1.0 1 LHZ
P01C TA 2007 7 15 12 53 1.0 2007 7 15 15 38 1.0 1 LHZ
P05C TA 2007 7 15 12 53 1.0 2007 7 15 15 38 1.0 1 LHZ
P06A TA 2007 7 15 12 53 1.0 2007 7 15 15 38 1.0 1 LHZ
P07A TA 2007 7 15 12 53 1.0 2007 7 15 15 38 1.0 1 LHZ
P08A TA 2007 7 15 12 53 1.0 2007 7 15 15 38 1.0 1 LHZ
P09A TA 2007 7 15 12 53 1.0 2007 7 15 15 38 1.0 1 LHZ
P10A TA 2007 7 15 12 53 1.0 2007 7 15 15 38 1.0 1 LHZ
P11A TA 2007 7 15 12 53 1.0 2007 7 15 15 38 1.0 1 LHZ
P12A TA 2007 7 15 12 53 1.0 2007 7 15 15 38 1.0 1 LHZ
P13A TA 2007 7 15 12 53 1.0 2007 7 15 15 38 1.0 1 LHZ
P14A TA 2007 7 15 12 53 1.0 2007 7 15 15 38 1.0 1 LHZ
P15A TA 2007 7 15 12 53 1.0 2007 7 15 15 38 1.0 1 LHZ
P16A TA 2007 7 15 12 53 1.0 2007 7 15 15 38 1.0 1 LHZ
P17A TA 2007 7 15 12 53 1.0 2007 7 15 15 38 1.0 1 LHZ
P18A TA 2007 7 15 12 53 1.0 2007 7 15 15 38 1.0 1 LHZ
P19A TA 2007 7 15 12 53 1.0 2007 7 15 15 38 1.0 1 LHZ
P20A TA 2007 7 15 12 53 1.0 2007 7 15 15 38 1.0 1 LHZ
P21A TA 2007 7 15 12 53 1.0 2007 7 15 15 38 1.0 1 LHZ
P22A TA 2007 7 15 12 53 1.0 2007 7 15 15 38 1.0 1 LHZ
P23A TA 2007 7 15 12 53 1.0 2007 7 15 15 38 1.0 1 LHZ
P24A TA 2007 7 15 12 53 1.0 2007 7 15 15 38 1.0 1 LHZ
P25A TA 2007 7 15 12 53 1.0 2007 7 15 15 38 1.0 1 LHZ
P26A TA 2007 7 15 12 53 1.0 2007 7 15 15 38 1.0 1 LHZ
P27A TA 2007 7 15 12 53 1.0 2007 7 15 15 38 1.0 1 LHZ
P28A TA 2007 7 15 12 53 1.0 2007 7 15 15 38 1.0 1 LHZ
P29A TA 2007 7 15 12 53 1.0 2007 7 15 15 38 1.0 1 LHZ
P30A TA 2007 7 15 12 53 1.0 2007 7 15 15 38 1.0 1 LHZ
P31A TA 2007 7 15 12 53 1.0 2007 7 15 15 38 1.0 1 LHZ
P32A TA 2007 7 15 12 53 1.0 2007 7 15 15 38 1.0 1 LHZ
P33A TA 2007 7 15 12 53 1.0 2007 7 15 15 38 1.0 1 LHZ
P34A TA 2007 7 15 12 53 1.0 2007 7 15 15 38 1.0 1 LHZ
P35A TA 2007 7 15 12 53 1.0 2007 7 15 15 38 1.0 1 LHZ
P36A TA 2007 7 15 12 53 1.0 2007 7 15 15 38 1.0 1 LHZ
P37A TA 2007 7 15 12 53 1.0 2007 7 15 15 38 1.0 1 LHZ
P38A TA 2007 7 15 12 53 1.0 2007 7 15 15 38 1.0 1 LHZ
P39A TA 2007 7 15 12 53 1.0 2007 7 15 15 38 1.0 1 LHZ
P39B TA 2007 7 15 12 53 1.0 2007 7 15 15 38 1.0 1 LHZ
P40A TA 2007 7 15 12 53 1.0 2007 7 15 15 38 1.0 1 LHZ
P41A TA 2007 7 15 12 53 1.0 2007 7 15 15 38 1.0 1 LHZ
P42A TA 2007 7 15 12 53 1.0 2007 7 15 15 38 1.0 1 LHZ
P43A TA 2007 7 15 12 53 1.0 2007 7 15 15 38 1.0 1 LHZ
P44A TA 2007 7 15 12 53 1.0 2007 7 15 15 38 1.0 1 LHZ
P45A TA 2007 7 15 12 53 1.0 2007 7 15 15 38 1.0 1 LHZ
P46A TA 2007 7 15 12 53 1.0 2007 7 15 15 38 1.0 1 LHZ
P47A TA 2007 7 15 12 53 1.0 2007 7 15 15 38 1.0 1 LHZ
P48A TA 2007 7 15 12 53 1.0 2007 7 15 15 38 1.0 1 LHZ
P49A TA 2007 7 15 12 53 1.0 2007 7 15 15 38 1.0 1 LHZ
P50A TA 2007 7 15 12 53 1.0 2007 7 15 15 38 1.0 1 LHZ
P51A TA 2007 7 15 12 53 1.0 2007 7 15 15 38 1.0 1 LHZ
P52A TA 2007 7 15 12 53 1.0 2007 7 15 15 38 1.0 1 LHZ
P53A TA 2007 7 15 12 53 1.0 2007 7 15 15 38 1.0 1 LHZ
Q03C TA 2007 7 15 12 53 1.0 2007 7 15 15 38 1.0 1 LHZ
Q04C TA 2007 7 15 12 53 1.0 2007 7 15 15 38 1.0 1 LHZ
Q07A TA 2007 7 15 12 53 1.0 2007 7 15 15 38 1.0 1 LHZ
Q08A TA 2007 7 15 12 53 1.0 2007 7 15 15 38 1.0 1 LHZ
Q09A TA 2007 7 15 12 53 1.0 2007 7 15 15 38 1.0 1 LHZ
Q10A TA 2007 7 15 12 53 1.0 2007 7 15 15 38 1.0 1 LHZ
Q11A TA 2007 7 15 12 53 1.0 2007 7 15 15 38 1.0 1 LHZ
Q12A TA 2007 7 15 12 53 1.0 2007 7 15 15 38 1.0 1 LHZ
Q13A TA 2007 7 15 12 53 1.0 2007 7 15 15 38 1.0 1 LHZ
Q14A TA 2007 7 15 12 53 1.0 2007 7 15 15 38 1.0 1 LHZ
Q15A TA 2007 7 15 12 53 1.0 2007 7 15 15 38 1.0 1 LHZ
Q16A TA 2007 7 15 12 53 1.0 2007 7 15 15 38 1.0 1 LHZ
Q18A TA 2007 7 15 12 53 1.0 2007 7 15 15 38 1.0 1 LHZ
Q19A TA 2007 7 15 12 53 1.0 2007 7 15 15 38 1.0 1 LHZ
Q20A TA 2007 7 15 12 53 1.0 2007 7 15 15 38 1.0 1 LHZ
Q21A TA 2007 7 15 12 53 1.0 2007 7 15 15 38 1.0 1 LHZ
Q22A TA 2007 7 15 12 53 1.0 2007 7 15 15 38 1.0 1 LHZ
Q23A TA 2007 7 15 12 53 1.0 2007 7 15 15 38 1.0 1 LHZ
Q24A TA 2007 7 15 12 53 1.0 2007 7 15 15 38 1.0 1 LHZ
Q25A TA 2007 7 15 12 53 1.0 2007 7 15 15 38 1.0 1 LHZ
Q26A TA 2007 7 15 12 53 1.0 2007 7 15 15 38 1.0 1 LHZ
Q28A TA 2007 7 15 12 53 1.0 2007 7 15 15 38 1.0 1 LHZ
Q29A TA 2007 7 15 12 53 1.0 2007 7 15 15 38 1.0 1 LHZ
Q30A TA 2007 7 15 12 53 1.0 2007 7 15 15 38 1.0 1 LHZ
Q31A TA 2007 7 15 12 53 1.0 2007 7 15 15 38 1.0 1 LHZ
Q32A TA 2007 7 15 12 53 1.0 2007 7 15 15 38 1.0 1 LHZ
Q33A TA 2007 7 15 12 53 1.0 2007 7 15 15 38 1.0 1 LHZ
Q34A TA 2007 7 15 12 53 1.0 2007 7 15 15 38 1.0 1 LHZ
Q35A TA 2007 7 15 12 53 1.0 2007 7 15 15 38 1.0 1 LHZ
Q36A TA 2007 7 15 12 53 1.0 2007 7 15 15 38 1.0 1 LHZ
Q37A TA 2007 7 15 12 53 1.0 2007 7 15 15 38 1.0 1 LHZ
Q38A TA 2007 7 15 12 53 1.0 2007 7 15 15 38 1.0 1 LHZ
Q39A TA 2007 7 15 12 53 1.0 2007 7 15 15 38 1.0 1 LHZ
Q40A TA 2007 7 15 12 53 1.0 2007 7 15 15 38 1.0 1 LHZ
Q41A TA 2007 7 15 12 53 1.0 2007 7 15 15 38 1.0 1 LHZ
Q42A TA 2007 7 15 12 53 1.0 2007 7 15 15 38 1.0 1 LHZ
Q43A TA 2007 7 15 12 53 1.0 2007 7 15 15 38 1.0 1 LHZ
Q44A TA 2007 7 15 12 53 1.0 2007 7 15 15 38 1.0 1 LHZ
Q45A TA 2007 7 15 12 53 1.0 2007 7 15 15 38 1.0 1 LHZ
Q46A TA 2007 7 15 12 53 1.0 2007 7 15 15 38 1.0 1 LHZ
Q47A TA 2007 7 15 12 53 1.0 2007 7 15 15 38 1.0 1 LHZ
Q48A TA 2007 7 15 12 53 1.0 2007 7 15 15 38 1.0 1 LHZ
Q49A TA 2007 7 15 12 53 1.0 2007 7 15 15 38 1.0 1 LHZ
Q50A TA 2007 7 15 12 53 1.0 2007 7 15 15 38 1.0 1 LHZ
Q51A TA 2007 7 15 12 53 1.0 2007 7 15 15 38 1.0 1 LHZ
Q52A TA 2007 7 15 12 53 1.0 2007 7 15 15 38 1.0 1 LHZ
R04C TA 2007 7 15 12 53 1.0 2007 7 15 15 38 1.0 1 LHZ
R05C TA 2007 7 15 12 53 1.0 2007 7 15 15 38 1.0 1 LHZ
R06C TA 2007 7 15 12 53 1.0 2007 7 15 15 38 1.0 1 LHZ
R07C TA 2007 7 15 12 53 1.0 2007 7 15 15 38 1.0 1 LHZ
R08A TA 2007 7 15 12 53 1.0 2007 7 15 15 38 1.0 1 LHZ
R09A TA 2007 7 15 12 53 1.0 2007 7 15 15 38 1.0 1 LHZ
R10A TA 2007 7 15 12 53 1.0 2007 7 15 15 38 1.0 1 LHZ
R11A TA 2007 7 15 12 53 1.0 2007 7 15 15 38 1.0 1 LHZ
R12A TA 2007 7 15 12 53 1.0 2007 7 15 15 38 1.0 1 LHZ
R13A TA 2007 7 15 12 53 1.0 2007 7 15 15 38 1.0 1 LHZ
R14A TA 2007 7 15 12 53 1.0 2007 7 15 15 38 1.0 1 LHZ
R15A TA 2007 7 15 12 53 1.0 2007 7 15 15 38 1.0 1 LHZ
R16A TA 2007 7 15 12 53 1.0 2007 7 15 15 38 1.0 1 LHZ
R17A TA 2007 7 15 12 53 1.0 2007 7 15 15 38 1.0 1 LHZ
R18A TA 2007 7 15 12 53 1.0 2007 7 15 15 38 1.0 1 LHZ
R19A TA 2007 7 15 12 53 1.0 2007 7 15 15 38 1.0 1 LHZ
R20A TA 2007 7 15 12 53 1.0 2007 7 15 15 38 1.0 1 LHZ
R21A TA 2007 7 15 12 53 1.0 2007 7 15 15 38 1.0 1 LHZ
R22A TA 2007 7 15 12 53 1.0 2007 7 15 15 38 1.0 1 LHZ
R23A TA 2007 7 15 12 53 1.0 2007 7 15 15 38 1.0 1 LHZ
R24A TA 2007 7 15 12 53 1.0 2007 7 15 15 38 1.0 1 LHZ
R25A TA 2007 7 15 12 53 1.0 2007 7 15 15 38 1.0 1 LHZ
R26A TA 2007 7 15 12 53 1.0 2007 7 15 15 38 1.0 1 LHZ
R27A TA 2007 7 15 12 53 1.0 2007 7 15 15 38 1.0 1 LHZ
R28A TA 2007 7 15 12 53 1.0 2007 7 15 15 38 1.0 1 LHZ
R29A TA 2007 7 15 12 53 1.0 2007 7 15 15 38 1.0 1 LHZ
R30A TA 2007 7 15 12 53 1.0 2007 7 15 15 38 1.0 1 LHZ
R31A TA 2007 7 15 12 53 1.0 2007 7 15 15 38 1.0 1 LHZ
R32A TA 2007 7 15 12 53 1.0 2007 7 15 15 38 1.0 1 LHZ
R33A TA 2007 7 15 12 53 1.0 2007 7 15 15 38 1.0 1 LHZ
R34A TA 2007 7 15 12 53 1.0 2007 7 15 15 38 1.0 1 LHZ
R35A TA 2007 7 15 12 53 1.0 2007 7 15 15 38 1.0 1 LHZ
R36A TA 2007 7 15 12 53 1.0 2007 7 15 15 38 1.0 1 LHZ
R37A TA 2007 7 15 12 53 1.0 2007 7 15 15 38 1.0 1 LHZ
R38A TA 2007 7 15 12 53 1.0 2007 7 15 15 38 1.0 1 LHZ
R39A TA 2007 7 15 12 53 1.0 2007 7 15 15 38 1.0 1 LHZ
R40A TA 2007 7 15 12 53 1.0 2007 7 15 15 38 1.0 1 LHZ
R41A TA 2007 7 15 12 53 1.0 2007 7 15 15 38 1.0 1 LHZ
R42A TA 2007 7 15 12 53 1.0 2007 7 15 15 38 1.0 1 LHZ
R43A TA 2007 7 15 12 53 1.0 2007 7 15 15 38 1.0 1 LHZ
R44A TA 2007 7 15 12 53 1.0 2007 7 15 15 38 1.0 1 LHZ
R45A TA 2007 7 15 12 53 1.0 2007 7 15 15 38 1.0 1 LHZ
R46A TA 2007 7 15 12 53 1.0 2007 7 15 15 38 1.0 1 LHZ
R47A TA 2007 7 15 12 53 1.0 2007 7 15 15 38 1.0 1 LHZ
R48A TA 2007 7 15 12 53 1.0 2007 7 15 15 38 1.0 1 LHZ
R49A TA 2007 7 15 12 53 1.0 2007 7 15 15 38 1.0 1 LHZ
R50A TA 2007 7 15 12 53 1.0 2007 7 15 15 38 1.0 1 LHZ
R51A TA 2007 7 15 12 53 1.0 2007 7 15 15 38 1.0 1 LHZ
R52A TA 2007 7 15 12 53 1.0 2007 7 15 15 38 1.0 1 LHZ
R58B TA 2007 7 15 12 53 1.0 2007 7 15 15 38 1.0 1 LHZ
S04C TA 2007 7 15 12 53 1.0 2007 7 15 15 38 1.0 1 LHZ
S05C TA 2007 7 15 12 53 1.0 2007 7 15 15 38 1.0 1 LHZ
S06C TA 2007 7 15 12 53 1.0 2007 7 15 15 38 1.0 1 LHZ
S08C TA 2007 7 15 12 53 1.0 2007 7 15 15 38 1.0 1 LHZ
S09A TA 2007 7 15 12 53 1.0 2007 7 15 15 38 1.0 1 LHZ
S10A TA 2007 7 15 12 53 1.0 2007 7 15 15 38 1.0 1 LHZ
S11A TA 2007 7 15 12 53 1.0 2007 7 15 15 38 1.0 1 LHZ
S12A TA 2007 7 15 12 53 1.0 2007 7 15 15 38 1.0 1 LHZ
S13A TA 2007 7 15 12 53 1.0 2007 7 15 15 38 1.0 1 LHZ
S14A TA 2007 7 15 12 53 1.0 2007 7 15 15 38 1.0 1 LHZ
S15A TA 2007 7 15 12 53 1.0 2007 7 15 15 38 1.0 1 LHZ
S16A TA 2007 7 15 12 53 1.0 2007 7 15 15 38 1.0 1 LHZ
S17A TA 2007 7 15 12 53 1.0 2007 7 15 15 38 1.0 1 LHZ
S18A TA 2007 7 15 12 53 1.0 2007 7 15 15 38 1.0 1 LHZ
S19A TA 2007 7 15 12 53 1.0 2007 7 15 15 38 1.0 1 LHZ
S20A TA 2007 7 15 12 53 1.0 2007 7 15 15 38 1.0 1 LHZ
S21A TA 2007 7 15 12 53 1.0 2007 7 15 15 38 1.0 1 LHZ
S22A TA 2007 7 15 12 53 1.0 2007 7 15 15 38 1.0 1 LHZ
S23A TA 2007 7 15 12 53 1.0 2007 7 15 15 38 1.0 1 LHZ
S24A TA 2007 7 15 12 53 1.0 2007 7 15 15 38 1.0 1 LHZ
S25A TA 2007 7 15 12 53 1.0 2007 7 15 15 38 1.0 1 LHZ
S26A TA 2007 7 15 12 53 1.0 2007 7 15 15 38 1.0 1 LHZ
S27A TA 2007 7 15 12 53 1.0 2007 7 15 15 38 1.0 1 LHZ
S28A TA 2007 7 15 12 53 1.0 2007 7 15 15 38 1.0 1 LHZ
S29A TA 2007 7 15 12 53 1.0 2007 7 15 15 38 1.0 1 LHZ
S30A TA 2007 7 15 12 53 1.0 2007 7 15 15 38 1.0 1 LHZ
S31A TA 2007 7 15 12 53 1.0 2007 7 15 15 38 1.0 1 LHZ
S32A TA 2007 7 15 12 53 1.0 2007 7 15 15 38 1.0 1 LHZ
S33A TA 2007 7 15 12 53 1.0 2007 7 15 15 38 1.0 1 LHZ
S34A TA 2007 7 15 12 53 1.0 2007 7 15 15 38 1.0 1 LHZ
S35A TA 2007 7 15 12 53 1.0 2007 7 15 15 38 1.0 1 LHZ
S36A TA 2007 7 15 12 53 1.0 2007 7 15 15 38 1.0 1 LHZ
S37A TA 2007 7 15 12 53 1.0 2007 7 15 15 38 1.0 1 LHZ
S38A TA 2007 7 15 12 53 1.0 2007 7 15 15 38 1.0 1 LHZ
S39A TA 2007 7 15 12 53 1.0 2007 7 15 15 38 1.0 1 LHZ
S40A TA 2007 7 15 12 53 1.0 2007 7 15 15 38 1.0 1 LHZ
S41A TA 2007 7 15 12 53 1.0 2007 7 15 15 38 1.0 1 LHZ
S42A TA 2007 7 15 12 53 1.0 2007 7 15 15 38 1.0 1 LHZ
S43A TA 2007 7 15 12 53 1.0 2007 7 15 15 38 1.0 1 LHZ
S44A TA 2007 7 15 12 53 1.0 2007 7 15 15 38 1.0 1 LHZ
S45A TA 2007 7 15 12 53 1.0 2007 7 15 15 38 1.0 1 LHZ
S46A TA 2007 7 15 12 53 1.0 2007 7 15 15 38 1.0 1 LHZ
S47A TA 2007 7 15 12 53 1.0 2007 7 15 15 38 1.0 1 LHZ
S48A TA 2007 7 15 12 53 1.0 2007 7 15 15 38 1.0 1 LHZ
S49A TA 2007 7 15 12 53 1.0 2007 7 15 15 38 1.0 1 LHZ
S50A TA 2007 7 15 12 53 1.0 2007 7 15 15 38 1.0 1 LHZ
S51A TA 2007 7 15 12 53 1.0 2007 7 15 15 38 1.0 1 LHZ
S52A TA 2007 7 15 12 53 1.0 2007 7 15 15 38 1.0 1 LHZ
SFIN TA 2007 7 15 12 53 1.0 2007 7 15 15 38 1.0 1 LHZ
SPMN TA 2007 7 15 12 53 1.0 2007 7 15 15 38 1.0 1 LHZ
SUSD TA 2007 7 15 12 53 1.0 2007 7 15 15 38 1.0 1 LHZ
SUTB TA 2007 7 15 12 53 1.0 2007 7 15 15 38 1.0 1 LHZ
T05C TA 2007 7 15 12 53 1.0 2007 7 15 15 38 1.0 1 LHZ
T06C TA 2007 7 15 12 53 1.0 2007 7 15 15 38 1.0 1 LHZ
T11A TA 2007 7 15 12 53 1.0 2007 7 15 15 38 1.0 1 LHZ
T12A TA 2007 7 15 12 53 1.0 2007 7 15 15 38 1.0 1 LHZ
T13A TA 2007 7 15 12 53 1.0 2007 7 15 15 38 1.0 1 LHZ
T14A TA 2007 7 15 12 53 1.0 2007 7 15 15 38 1.0 1 LHZ
T15A TA 2007 7 15 12 53 1.0 2007 7 15 15 38 1.0 1 LHZ
T16A TA 2007 7 15 12 53 1.0 2007 7 15 15 38 1.0 1 LHZ
T17A TA 2007 7 15 12 53 1.0 2007 7 15 15 38 1.0 1 LHZ
T18A TA 2007 7 15 12 53 1.0 2007 7 15 15 38 1.0 1 LHZ
T19A TA 2007 7 15 12 53 1.0 2007 7 15 15 38 1.0 1 LHZ
T21A TA 2007 7 15 12 53 1.0 2007 7 15 15 38 1.0 1 LHZ
T22A TA 2007 7 15 12 53 1.0 2007 7 15 15 38 1.0 1 LHZ
T23A TA 2007 7 15 12 53 1.0 2007 7 15 15 38 1.0 1 LHZ
T24A TA 2007 7 15 12 53 1.0 2007 7 15 15 38 1.0 1 LHZ
T24B TA 2007 7 15 12 53 1.0 2007 7 15 15 38 1.0 1 LHZ
T25A TA 2007 7 15 12 53 1.0 2007 7 15 15 38 1.0 1 LHZ
T26A TA 2007 7 15 12 53 1.0 2007 7 15 15 38 1.0 1 LHZ
T27A TA 2007 7 15 12 53 1.0 2007 7 15 15 38 1.0 1 LHZ
T28A TA 2007 7 15 12 53 1.0 2007 7 15 15 38 1.0 1 LHZ
T29A TA 2007 7 15 12 53 1.0 2007 7 15 15 38 1.0 1 LHZ
T30A TA 2007 7 15 12 53 1.0 2007 7 15 15 38 1.0 1 LHZ
T31A TA 2007 7 15 12 53 1.0 2007 7 15 15 38 1.0 1 LHZ
T32A TA 2007 7 15 12 53 1.0 2007 7 15 15 38 1.0 1 LHZ
T33A TA 2007 7 15 12 53 1.0 2007 7 15 15 38 1.0 1 LHZ
T34A TA 2007 7 15 12 53 1.0 2007 7 15 15 38 1.0 1 LHZ
T35A TA 2007 7 15 12 53 1.0 2007 7 15 15 38 1.0 1 LHZ
T36A TA 2007 7 15 12 53 1.0 2007 7 15 15 38 1.0 1 LHZ
T37A TA 2007 7 15 12 53 1.0 2007 7 15 15 38 1.0 1 LHZ
T38A TA 2007 7 15 12 53 1.0 2007 7 15 15 38 1.0 1 LHZ
T39A TA 2007 7 15 12 53 1.0 2007 7 15 15 38 1.0 1 LHZ
T40A TA 2007 7 15 12 53 1.0 2007 7 15 15 38 1.0 1 LHZ
T41A TA 2007 7 15 12 53 1.0 2007 7 15 15 38 1.0 1 LHZ
T42A TA 2007 7 15 12 53 1.0 2007 7 15 15 38 1.0 1 LHZ
T43A TA 2007 7 15 12 53 1.0 2007 7 15 15 38 1.0 1 LHZ
T44A TA 2007 7 15 12 53 1.0 2007 7 15 15 38 1.0 1 LHZ
T45A TA 2007 7 15 12 53 1.0 2007 7 15 15 38 1.0 1 LHZ
T46A TA 2007 7 15 12 53 1.0 2007 7 15 15 38 1.0 1 LHZ
T47A TA 2007 7 15 12 53 1.0 2007 7 15 15 38 1.0 1 LHZ
T48A TA 2007 7 15 12 53 1.0 2007 7 15 15 38 1.0 1 LHZ
T49A TA 2007 7 15 12 53 1.0 2007 7 15 15 38 1.0 1 LHZ
T50A TA 2007 7 15 12 53 1.0 2007 7 15 15 38 1.0 1 LHZ
T51A TA 2007 7 15 12 53 1.0 2007 7 15 15 38 1.0 1 LHZ
T52A TA 2007 7 15 12 53 1.0 2007 7 15 15 38 1.0 1 LHZ
TASL TA 2007 7 15 12 53 1.0 2007 7 15 15 38 1.0 1 LHZ
TASM TA 2007 7 15 12 53 1.0 2007 7 15 15 38 1.0 1 LHZ
TFRD TA 2007 7 15 12 53 1.0 2007 7 15 15 38 1.0 1 LHZ
TIGA TA 2007 7 15 12 53 1.0 2007 7 15 15 38 1.0 1 LHZ
TOLK TA 2007 7 15 12 53 1.0 2007 7 15 15 38 1.0 1 LHZ
TPFO TA 2007 7 15 12 53 1.0 2007 7 15 15 38 1.0 1 LHZ
TUL1 TA 2007 7 15 12 53 1.0 2007 7 15 15 38 1.0 1 LHZ
U04C TA 2007 7 15 12 53 1.0 2007 7 15 15 38 1.0 1 LHZ
U05C TA 2007 7 15 12 53 1.0 2007 7 15 15 38 1.0 1 LHZ
U10A TA 2007 7 15 12 53 1.0 2007 7 15 15 38 1.0 1 LHZ
U11A TA 2007 7 15 12 53 1.0 2007 7 15 15 38 1.0 1 LHZ
U12A TA 2007 7 15 12 53 1.0 2007 7 15 15 38 1.0 1 LHZ
U13A TA 2007 7 15 12 53 1.0 2007 7 15 15 38 1.0 1 LHZ
U14A TA 2007 7 15 12 53 1.0 2007 7 15 15 38 1.0 1 LHZ
U15A TA 2007 7 15 12 53 1.0 2007 7 15 15 38 1.0 1 LHZ
U16A TA 2007 7 15 12 53 1.0 2007 7 15 15 38 1.0 1 LHZ
U17A TA 2007 7 15 12 53 1.0 2007 7 15 15 38 1.0 1 LHZ
U18A TA 2007 7 15 12 53 1.0 2007 7 15 15 38 1.0 1 LHZ
U19A TA 2007 7 15 12 53 1.0 2007 7 15 15 38 1.0 1 LHZ
U20A TA 2007 7 15 12 53 1.0 2007 7 15 15 38 1.0 1 LHZ
U21A TA 2007 7 15 12 53 1.0 2007 7 15 15 38 1.0 1 LHZ
U22A TA 2007 7 15 12 53 1.0 2007 7 15 15 38 1.0 1 LHZ
U23A TA 2007 7 15 12 53 1.0 2007 7 15 15 38 1.0 1 LHZ
U24A TA 2007 7 15 12 53 1.0 2007 7 15 15 38 1.0 1 LHZ
U25A TA 2007 7 15 12 53 1.0 2007 7 15 15 38 1.0 1 LHZ
U26A TA 2007 7 15 12 53 1.0 2007 7 15 15 38 1.0 1 LHZ
U27A TA 2007 7 15 12 53 1.0 2007 7 15 15 38 1.0 1 LHZ
U28A TA 2007 7 15 12 53 1.0 2007 7 15 15 38 1.0 1 LHZ
U29A TA 2007 7 15 12 53 1.0 2007 7 15 15 38 1.0 1 LHZ
U30A TA 2007 7 15 12 53 1.0 2007 7 15 15 38 1.0 1 LHZ
U31A TA 2007 7 15 12 53 1.0 2007 7 15 15 38 1.0 1 LHZ
U32A TA 2007 7 15 12 53 1.0 2007 7 15 15 38 1.0 1 LHZ
U33A TA 2007 7 15 12 53 1.0 2007 7 15 15 38 1.0 1 LHZ
U34A TA 2007 7 15 12 53 1.0 2007 7 15 15 38 1.0 1 LHZ
U35A TA 2007 7 15 12 53 1.0 2007 7 15 15 38 1.0 1 LHZ
U36A TA 2007 7 15 12 53 1.0 2007 7 15 15 38 1.0 1 LHZ
U37A TA 2007 7 15 12 53 1.0 2007 7 15 15 38 1.0 1 LHZ
U38A TA 2007 7 15 12 53 1.0 2007 7 15 15 38 1.0 1 LHZ
U39A TA 2007 7 15 12 53 1.0 2007 7 15 15 38 1.0 1 LHZ
U40A TA 2007 7 15 12 53 1.0 2007 7 15 15 38 1.0 1 LHZ
U41A TA 2007 7 15 12 53 1.0 2007 7 15 15 38 1.0 1 LHZ
U42A TA 2007 7 15 12 53 1.0 2007 7 15 15 38 1.0 1 LHZ
U43A TA 2007 7 15 12 53 1.0 2007 7 15 15 38 1.0 1 LHZ
U44A TA 2007 7 15 12 53 1.0 2007 7 15 15 38 1.0 1 LHZ
U44B TA 2007 7 15 12 53 1.0 2007 7 15 15 38 1.0 1 LHZ
U45A TA 2007 7 15 12 53 1.0 2007 7 15 15 38 1.0 1 LHZ
U46A TA 2007 7 15 12 53 1.0 2007 7 15 15 38 1.0 1 LHZ
U47A TA 2007 7 15 12 53 1.0 2007 7 15 15 38 1.0 1 LHZ
U48A TA 2007 7 15 12 53 1.0 2007 7 15 15 38 1.0 1 LHZ
U49A TA 2007 7 15 12 53 1.0 2007 7 15 15 38 1.0 1 LHZ
U50A TA 2007 7 15 12 53 1.0 2007 7 15 15 38 1.0 1 LHZ
U51A TA 2007 7 15 12 53 1.0 2007 7 15 15 38 1.0 1 LHZ
U52A TA 2007 7 15 12 53 1.0 2007 7 15 15 38 1.0 1 LHZ
U53A TA 2007 7 15 12 53 1.0 2007 7 15 15 38 1.0 1 LHZ
V03C TA 2007 7 15 12 53 1.0 2007 7 15 15 38 1.0 1 LHZ
V04C TA 2007 7 15 12 53 1.0 2007 7 15 15 38 1.0 1 LHZ
V05C TA 2007 7 15 12 53 1.0 2007 7 15 15 38 1.0 1 LHZ
V11A TA 2007 7 15 12 53 1.0 2007 7 15 15 38 1.0 1 LHZ
V12A TA 2007 7 15 12 53 1.0 2007 7 15 15 38 1.0 1 LHZ
V13A TA 2007 7 15 12 53 1.0 2007 7 15 15 38 1.0 1 LHZ
V14A TA 2007 7 15 12 53 1.0 2007 7 15 15 38 1.0 1 LHZ
V15A TA 2007 7 15 12 53 1.0 2007 7 15 15 38 1.0 1 LHZ
V17A TA 2007 7 15 12 53 1.0 2007 7 15 15 38 1.0 1 LHZ
V18A TA 2007 7 15 12 53 1.0 2007 7 15 15 38 1.0 1 LHZ
V19A TA 2007 7 15 12 53 1.0 2007 7 15 15 38 1.0 1 LHZ
V20A TA 2007 7 15 12 53 1.0 2007 7 15 15 38 1.0 1 LHZ
V21A TA 2007 7 15 12 53 1.0 2007 7 15 15 38 1.0 1 LHZ
V22A TA 2007 7 15 12 53 1.0 2007 7 15 15 38 1.0 1 LHZ
V23A TA 2007 7 15 12 53 1.0 2007 7 15 15 38 1.0 1 LHZ
V24A TA 2007 7 15 12 53 1.0 2007 7 15 15 38 1.0 1 LHZ
V25A TA 2007 7 15 12 53 1.0 2007 7 15 15 38 1.0 1 LHZ
V26A TA 2007 7 15 12 53 1.0 2007 7 15 15 38 1.0 1 LHZ
V27A TA 2007 7 15 12 53 1.0 2007 7 15 15 38 1.0 1 LHZ
V28A TA 2007 7 15 12 53 1.0 2007 7 15 15 38 1.0 1 LHZ
V29A TA 2007 7 15 12 53 1.0 2007 7 15 15 38 1.0 1 LHZ
V30A TA 2007 7 15 12 53 1.0 2007 7 15 15 38 1.0 1 LHZ
V31A TA 2007 7 15 12 53 1.0 2007 7 15 15 38 1.0 1 LHZ
V32A TA 2007 7 15 12 53 1.0 2007 7 15 15 38 1.0 1 LHZ
V33A TA 2007 7 15 12 53 1.0 2007 7 15 15 38 1.0 1 LHZ
V34A TA 2007 7 15 12 53 1.0 2007 7 15 15 38 1.0 1 LHZ
V35A TA 2007 7 15 12 53 1.0 2007 7 15 15 38 1.0 1 LHZ
V36A TA 2007 7 15 12 53 1.0 2007 7 15 15 38 1.0 1 LHZ
V37A TA 2007 7 15 12 53 1.0 2007 7 15 15 38 1.0 1 LHZ
V38A TA 2007 7 15 12 53 1.0 2007 7 15 15 38 1.0 1 LHZ
V39A TA 2007 7 15 12 53 1.0 2007 7 15 15 38 1.0 1 LHZ
V40A TA 2007 7 15 12 53 1.0 2007 7 15 15 38 1.0 1 LHZ
V41A TA 2007 7 15 12 53 1.0 2007 7 15 15 38 1.0 1 LHZ
V42A TA 2007 7 15 12 53 1.0 2007 7 15 15 38 1.0 1 LHZ
V43A TA 2007 7 15 12 53 1.0 2007 7 15 15 38 1.0 1 LHZ
V44A TA 2007 7 15 12 53 1.0 2007 7 15 15 38 1.0 1 LHZ
V45A TA 2007 7 15 12 53 1.0 2007 7 15 15 38 1.0 1 LHZ
V46A TA 2007 7 15 12 53 1.0 2007 7 15 15 38 1.0 1 LHZ
V47A TA 2007 7 15 12 53 1.0 2007 7 15 15 38 1.0 1 LHZ
V48A TA 2007 7 15 12 53 1.0 2007 7 15 15 38 1.0 1 LHZ
V49A TA 2007 7 15 12 53 1.0 2007 7 15 15 38 1.0 1 LHZ
V50A TA 2007 7 15 12 53 1.0 2007 7 15 15 38 1.0 1 LHZ
V51A TA 2007 7 15 12 53 1.0 2007 7 15 15 38 1.0 1 LHZ
V52A TA 2007 7 15 12 53 1.0 2007 7 15 15 38 1.0 1 LHZ
V53A TA 2007 7 15 12 53 1.0 2007 7 15 15 38 1.0 1 LHZ
W12A TA 2007 7 15 12 53 1.0 2007 7 15 15 38 1.0 1 LHZ
W13A TA 2007 7 15 12 53 1.0 2007 7 15 15 38 1.0 1 LHZ
W14A TA 2007 7 15 12 53 1.0 2007 7 15 15 38 1.0 1 LHZ
W15A TA 2007 7 15 12 53 1.0 2007 7 15 15 38 1.0 1 LHZ
W16A TA 2007 7 15 12 53 1.0 2007 7 15 15 38 1.0 1 LHZ
W17A TA 2007 7 15 12 53 1.0 2007 7 15 15 38 1.0 1 LHZ
W18A TA 2007 7 15 12 53 1.0 2007 7 15 15 38 1.0 1 LHZ
W19A TA 2007 7 15 12 53 1.0 2007 7 15 15 38 1.0 1 LHZ
W20A TA 2007 7 15 12 53 1.0 2007 7 15 15 38 1.0 1 LHZ
W21A TA 2007 7 15 12 53 1.0 2007 7 15 15 38 1.0 1 LHZ
W22A TA 2007 7 15 12 53 1.0 2007 7 15 15 38 1.0 1 LHZ
W23A TA 2007 7 15 12 53 1.0 2007 7 15 15 38 1.0 1 LHZ
W24A TA 2007 7 15 12 53 1.0 2007 7 15 15 38 1.0 1 LHZ
W25A TA 2007 7 15 12 53 1.0 2007 7 15 15 38 1.0 1 LHZ
W26A TA 2007 7 15 12 53 1.0 2007 7 15 15 38 1.0 1 LHZ
W27A TA 2007 7 15 12 53 1.0 2007 7 15 15 38 1.0 1 LHZ
W28A TA 2007 7 15 12 53 1.0 2007 7 15 15 38 1.0 1 LHZ
W29A TA 2007 7 15 12 53 1.0 2007 7 15 15 38 1.0 1 LHZ
W30A TA 2007 7 15 12 53 1.0 2007 7 15 15 38 1.0 1 LHZ
W31A TA 2007 7 15 12 53 1.0 2007 7 15 15 38 1.0 1 LHZ
W32A TA 2007 7 15 12 53 1.0 2007 7 15 15 38 1.0 1 LHZ
W33A TA 2007 7 15 12 53 1.0 2007 7 15 15 38 1.0 1 LHZ
W34A TA 2007 7 15 12 53 1.0 2007 7 15 15 38 1.0 1 LHZ
W35A TA 2007 7 15 12 53 1.0 2007 7 15 15 38 1.0 1 LHZ
W36A TA 2007 7 15 12 53 1.0 2007 7 15 15 38 1.0 1 LHZ
W37A TA 2007 7 15 12 53 1.0 2007 7 15 15 38 1.0 1 LHZ
W37B TA 2007 7 15 12 53 1.0 2007 7 15 15 38 1.0 1 LHZ
W38A TA 2007 7 15 12 53 1.0 2007 7 15 15 38 1.0 1 LHZ
W39A TA 2007 7 15 12 53 1.0 2007 7 15 15 38 1.0 1 LHZ
W40A TA 2007 7 15 12 53 1.0 2007 7 15 15 38 1.0 1 LHZ
W41A TA 2007 7 15 12 53 1.0 2007 7 15 15 38 1.0 1 LHZ
W41B TA 2007 7 15 12 53 1.0 2007 7 15 15 38 1.0 1 LHZ
W42A TA 2007 7 15 12 53 1.0 2007 7 15 15 38 1.0 1 LHZ
W43A TA 2007 7 15 12 53 1.0 2007 7 15 15 38 1.0 1 LHZ
W44A TA 2007 7 15 12 53 1.0 2007 7 15 15 38 1.0 1 LHZ
W45A TA 2007 7 15 12 53 1.0 2007 7 15 15 38 1.0 1 LHZ
W46A TA 2007 7 15 12 53 1.0 2007 7 15 15 38 1.0 1 LHZ
W47A TA 2007 7 15 12 53 1.0 2007 7 15 15 38 1.0 1 LHZ
W48A TA 2007 7 15 12 53 1.0 2007 7 15 15 38 1.0 1 LHZ
W49A TA 2007 7 15 12 53 1.0 2007 7 15 15 38 1.0 1 LHZ
W50A TA 2007 7 15 12 53 1.0 2007 7 15 15 38 1.0 1 LHZ
W51A TA 2007 7 15 12 53 1.0 2007 7 15 15 38 1.0 1 LHZ
W52A TA 2007 7 15 12 53 1.0 2007 7 15 15 38 1.0 1 LHZ
W53A TA 2007 7 15 12 53 1.0 2007 7 15 15 38 1.0 1 LHZ
WHTX TA 2007 7 15 12 53 1.0 2007 7 15 15 38 1.0 1 LHZ
X13A TA 2007 7 15 12 53 1.0 2007 7 15 15 38 1.0 1 LHZ
X14A TA 2007 7 15 12 53 1.0 2007 7 15 15 38 1.0 1 LHZ
X15A TA 2007 7 15 12 53 1.0 2007 7 15 15 38 1.0 1 LHZ
X16A TA 2007 7 15 12 53 1.0 2007 7 15 15 38 1.0 1 LHZ
X17A TA 2007 7 15 12 53 1.0 2007 7 15 15 38 1.0 1 LHZ
X18A TA 2007 7 15 12 53 1.0 2007 7 15 15 38 1.0 1 LHZ
X19A TA 2007 7 15 12 53 1.0 2007 7 15 15 38 1.0 1 LHZ
X20A TA 2007 7 15 12 53 1.0 2007 7 15 15 38 1.0 1 LHZ
X21A TA 2007 7 15 12 53 1.0 2007 7 15 15 38 1.0 1 LHZ
X22A TA 2007 7 15 12 53 1.0 2007 7 15 15 38 1.0 1 LHZ
X23A TA 2007 7 15 12 53 1.0 2007 7 15 15 38 1.0 1 LHZ
X24A TA 2007 7 15 12 53 1.0 2007 7 15 15 38 1.0 1 LHZ
X25A TA 2007 7 15 12 53 1.0 2007 7 15 15 38 1.0 1 LHZ
X26A TA 2007 7 15 12 53 1.0 2007 7 15 15 38 1.0 1 LHZ
X27A TA 2007 7 15 12 53 1.0 2007 7 15 15 38 1.0 1 LHZ
X28A TA 2007 7 15 12 53 1.0 2007 7 15 15 38 1.0 1 LHZ
X29A TA 2007 7 15 12 53 1.0 2007 7 15 15 38 1.0 1 LHZ
X30A TA 2007 7 15 12 53 1.0 2007 7 15 15 38 1.0 1 LHZ
X31A TA 2007 7 15 12 53 1.0 2007 7 15 15 38 1.0 1 LHZ
X32A TA 2007 7 15 12 53 1.0 2007 7 15 15 38 1.0 1 LHZ
X33A TA 2007 7 15 12 53 1.0 2007 7 15 15 38 1.0 1 LHZ
X34A TA 2007 7 15 12 53 1.0 2007 7 15 15 38 1.0 1 LHZ
X35A TA 2007 7 15 12 53 1.0 2007 7 15 15 38 1.0 1 LHZ
X36A TA 2007 7 15 12 53 1.0 2007 7 15 15 38 1.0 1 LHZ
X37A TA 2007 7 15 12 53 1.0 2007 7 15 15 38 1.0 1 LHZ
X38A TA 2007 7 15 12 53 1.0 2007 7 15 15 38 1.0 1 LHZ
X39A TA 2007 7 15 12 53 1.0 2007 7 15 15 38 1.0 1 LHZ
X40A TA 2007 7 15 12 53 1.0 2007 7 15 15 38 1.0 1 LHZ
X41A TA 2007 7 15 12 53 1.0 2007 7 15 15 38 1.0 1 LHZ
X42A TA 2007 7 15 12 53 1.0 2007 7 15 15 38 1.0 1 LHZ
X43A TA 2007 7 15 12 53 1.0 2007 7 15 15 38 1.0 1 LHZ
X44A TA 2007 7 15 12 53 1.0 2007 7 15 15 38 1.0 1 LHZ
X45A TA 2007 7 15 12 53 1.0 2007 7 15 15 38 1.0 1 LHZ
X46A TA 2007 7 15 12 53 1.0 2007 7 15 15 38 1.0 1 LHZ
X47A TA 2007 7 15 12 53 1.0 2007 7 15 15 38 1.0 1 LHZ
X48A TA 2007 7 15 12 53 1.0 2007 7 15 15 38 1.0 1 LHZ
X49A TA 2007 7 15 12 53 1.0 2007 7 15 15 38 1.0 1 LHZ
X50A TA 2007 7 15 12 53 1.0 2007 7 15 15 38 1.0 1 LHZ
X50B TA 2007 7 15 12 53 1.0 2007 7 15 15 38 1.0 1 LHZ
X51A TA 2007 7 15 12 53 1.0 2007 7 15 15 38 1.0 1 LHZ
X52A TA 2007 7 15 12 53 1.0 2007 7 15 15 38 1.0 1 LHZ
X53A TA 2007 7 15 12 53 1.0 2007 7 15 15 38 1.0 1 LHZ
Y12C TA 2007 7 15 12 53 1.0 2007 7 15 15 38 1.0 1 LHZ
Y13A TA 2007 7 15 12 53 1.0 2007 7 15 15 38 1.0 1 LHZ
Y14A TA 2007 7 15 12 53 1.0 2007 7 15 15 38 1.0 1 LHZ
Y15A TA 2007 7 15 12 53 1.0 2007 7 15 15 38 1.0 1 LHZ
Y16A TA 2007 7 15 12 53 1.0 2007 7 15 15 38 1.0 1 LHZ
Y17A TA 2007 7 15 12 53 1.0 2007 7 15 15 38 1.0 1 LHZ
Y18A TA 2007 7 15 12 53 1.0 2007 7 15 15 38 1.0 1 LHZ
Y19A TA 2007 7 15 12 53 1.0 2007 7 15 15 38 1.0 1 LHZ
Y20A TA 2007 7 15 12 53 1.0 2007 7 15 15 38 1.0 1 LHZ
Y21A TA 2007 7 15 12 53 1.0 2007 7 15 15 38 1.0 1 LHZ
Y22A TA 2007 7 15 12 53 1.0 2007 7 15 15 38 1.0 1 LHZ
Y22C TA 2007 7 15 12 53 1.0 2007 7 15 15 38 1.0 1 LHZ
Y22D TA 2007 7 15 12 53 1.0 2007 7 15 15 38 1.0 1 LHZ
Y22E TA 2007 7 15 12 53 1.0 2007 7 15 15 38 1.0 1 LHZ
Y23A TA 2007 7 15 12 53 1.0 2007 7 15 15 38 1.0 1 LHZ
Y24A TA 2007 7 15 12 53 1.0 2007 7 15 15 38 1.0 1 LHZ
Y25A TA 2007 7 15 12 53 1.0 2007 7 15 15 38 1.0 1 LHZ
Y26A TA 2007 7 15 12 53 1.0 2007 7 15 15 38 1.0 1 LHZ
Y27A TA 2007 7 15 12 53 1.0 2007 7 15 15 38 1.0 1 LHZ
Y28A TA 2007 7 15 12 53 1.0 2007 7 15 15 38 1.0 1 LHZ
Y29A TA 2007 7 15 12 53 1.0 2007 7 15 15 38 1.0 1 LHZ
Y30A TA 2007 7 15 12 53 1.0 2007 7 15 15 38 1.0 1 LHZ
Y31A TA 2007 7 15 12 53 1.0 2007 7 15 15 38 1.0 1 LHZ
Y32A TA 2007 7 15 12 53 1.0 2007 7 15 15 38 1.0 1 LHZ
Y33A TA 2007 7 15 12 53 1.0 2007 7 15 15 38 1.0 1 LHZ
Y34A TA 2007 7 15 12 53 1.0 2007 7 15 15 38 1.0 1 LHZ
Y35A TA 2007 7 15 12 53 1.0 2007 7 15 15 38 1.0 1 LHZ
Y36A TA 2007 7 15 12 53 1.0 2007 7 15 15 38 1.0 1 LHZ
Y37A TA 2007 7 15 12 53 1.0 2007 7 15 15 38 1.0 1 LHZ
Y38A TA 2007 7 15 12 53 1.0 2007 7 15 15 38 1.0 1 LHZ
Y39A TA 2007 7 15 12 53 1.0 2007 7 15 15 38 1.0 1 LHZ
Y40A TA 2007 7 15 12 53 1.0 2007 7 15 15 38 1.0 1 LHZ
Y41A TA 2007 7 15 12 53 1.0 2007 7 15 15 38 1.0 1 LHZ
Y42A TA 2007 7 15 12 53 1.0 2007 7 15 15 38 1.0 1 LHZ
Y43A TA 2007 7 15 12 53 1.0 2007 7 15 15 38 1.0 1 LHZ
Y44A TA 2007 7 15 12 53 1.0 2007 7 15 15 38 1.0 1 LHZ
Y45A TA 2007 7 15 12 53 1.0 2007 7 15 15 38 1.0 1 LHZ
Y46A TA 2007 7 15 12 53 1.0 2007 7 15 15 38 1.0 1 LHZ
Y47A TA 2007 7 15 12 53 1.0 2007 7 15 15 38 1.0 1 LHZ
Y48A TA 2007 7 15 12 53 1.0 2007 7 15 15 38 1.0 1 LHZ
Y49A TA 2007 7 15 12 53 1.0 2007 7 15 15 38 1.0 1 LHZ
Y50A TA 2007 7 15 12 53 1.0 2007 7 15 15 38 1.0 1 LHZ
Y51A TA 2007 7 15 12 53 1.0 2007 7 15 15 38 1.0 1 LHZ
Y52A TA 2007 7 15 12 53 1.0 2007 7 15 15 38 1.0 1 LHZ
Y53A TA 2007 7 15 12 53 1.0 2007 7 15 15 38 1.0 1 LHZ
Y54A TA 2007 7 15 12 53 1.0 2007 7 15 15 38 1.0 1 LHZ
Z13A TA 2007 7 15 12 53 1.0 2007 7 15 15 38 1.0 1 LHZ
Z14A TA 2007 7 15 12 53 1.0 2007 7 15 15 38 1.0 1 LHZ
Z15A TA 2007 7 15 12 53 1.0 2007 7 15 15 38 1.0 1 LHZ
Z16A TA 2007 7 15 12 53 1.0 2007 7 15 15 38 1.0 1 LHZ
Z17A TA 2007 7 15 12 53 1.0 2007 7 15 15 38 1.0 1 LHZ
Z18A TA 2007 7 15 12 53 1.0 2007 7 15 15 38 1.0 1 LHZ
Z19A TA 2007 7 15 12 53 1.0 2007 7 15 15 38 1.0 1 LHZ
Z20A TA 2007 7 15 12 53 1.0 2007 7 15 15 38 1.0 1 LHZ
Z21A TA 2007 7 15 12 53 1.0 2007 7 15 15 38 1.0 1 LHZ
Z22A TA 2007 7 15 12 53 1.0 2007 7 15 15 38 1.0 1 LHZ
Z23A TA 2007 7 15 12 53 1.0 2007 7 15 15 38 1.0 1 LHZ
Z24A TA 2007 7 15 12 53 1.0 2007 7 15 15 38 1.0 1 LHZ
Z25A TA 2007 7 15 12 53 1.0 2007 7 15 15 38 1.0 1 LHZ
Z26A TA 2007 7 15 12 53 1.0 2007 7 15 15 38 1.0 1 LHZ
Z27A TA 2007 7 15 12 53 1.0 2007 7 15 15 38 1.0 1 LHZ
Z28A TA 2007 7 15 12 53 1.0 2007 7 15 15 38 1.0 1 LHZ
Z29A TA 2007 7 15 12 53 1.0 2007 7 15 15 38 1.0 1 LHZ
Z30A TA 2007 7 15 12 53 1.0 2007 7 15 15 38 1.0 1 LHZ
Z31A TA 2007 7 15 12 53 1.0 2007 7 15 15 38 1.0 1 LHZ
Z32A TA 2007 7 15 12 53 1.0 2007 7 15 15 38 1.0 1 LHZ
Z33A TA 2007 7 15 12 53 1.0 2007 7 15 15 38 1.0 1 LHZ
Z34A TA 2007 7 15 12 53 1.0 2007 7 15 15 38 1.0 1 LHZ
Z35A TA 2007 7 15 12 53 1.0 2007 7 15 15 38 1.0 1 LHZ
Z36A TA 2007 7 15 12 53 1.0 2007 7 15 15 38 1.0 1 LHZ
Z37A TA 2007 7 15 12 53 1.0 2007 7 15 15 38 1.0 1 LHZ
Z38A TA 2007 7 15 12 53 1.0 2007 7 15 15 38 1.0 1 LHZ
Z39A TA 2007 7 15 12 53 1.0 2007 7 15 15 38 1.0 1 LHZ
Z40A TA 2007 7 15 12 53 1.0 2007 7 15 15 38 1.0 1 LHZ
Z41A TA 2007 7 15 12 53 1.0 2007 7 15 15 38 1.0 1 LHZ
Z42A TA 2007 7 15 12 53 1.0 2007 7 15 15 38 1.0 1 LHZ
Z43A TA 2007 7 15 12 53 1.0 2007 7 15 15 38 1.0 1 LHZ
Z44A TA 2007 7 15 12 53 1.0 2007 7 15 15 38 1.0 1 LHZ
Z45A TA 2007 7 15 12 53 1.0 2007 7 15 15 38 1.0 1 LHZ
Z46A TA 2007 7 15 12 53 1.0 2007 7 15 15 38 1.0 1 LHZ
Z47A TA 2007 7 15 12 53 1.0 2007 7 15 15 38 1.0 1 LHZ
Z48A TA 2007 7 15 12 53 1.0 2007 7 15 15 38 1.0 1 LHZ
Z49A TA 2007 7 15 12 53 1.0 2007 7 15 15 38 1.0 1 LHZ
Z50A TA 2007 7 15 12 53 1.0 2007 7 15 15 38 1.0 1 LHZ
Z51A TA 2007 7 15 12 53 1.0 2007 7 15 15 38 1.0 1 LHZ
Z52A TA 2007 7 15 12 53 1.0 2007 7 15 15 38 1.0 1 LHZ
Z53A TA 2007 7 15 12 53 1.0 2007 7 15 15 38 1.0 1 LHZ
Z54A TA 2007 7 15 12 53 1.0 2007 7 15 15 38 1.0 1 LHZ
Z55A TA 2007 7 15 12 53 1.0 2007 7 15 15 38 1.0 1 LHZ
AAM US 2007 7 15 12 53 1.0 2007 7 15 15 38 1.0 1 LHZ
ACSO US 2007 7 15 12 53 1.0 2007 7 15 15 38 1.0 1 LHZ
AGMN US 2007 7 15 12 53 1.0 2007 7 15 15 38 1.0 1 LHZ
AMTX US 2007 7 15 12 53 1.0 2007 7 15 15 38 1.0 1 LHZ
BINY US 2007 7 15 12 53 1.0 2007 7 15 15 38 1.0 1 LHZ
BLA US 2007 7 15 12 53 1.0 2007 7 15 15 38 1.0 1 LHZ
BOZ US 2007 7 15 12 53 1.0 2007 7 15 15 38 1.0 1 LHZ
BRAL US 2007 7 15 12 53 1.0 2007 7 15 15 38 1.0 1 LHZ
BW06 US 2007 7 15 12 53 1.0 2007 7 15 15 38 1.0 1 LHZ
CBKS US 2007 7 15 12 53 1.0 2007 7 15 15 38 1.0 1 LHZ
CBN US 2007 7 15 12 53 1.0 2007 7 15 15 38 1.0 1 LHZ
CNNC US 2007 7 15 12 53 1.0 2007 7 15 15 38 1.0 1 LHZ
DGMT US 2007 7 15 12 53 1.0 2007 7 15 15 38 1.0 1 LHZ
DUG US 2007 7 15 12 53 1.0 2007 7 15 15 38 1.0 1 LHZ
ECSD US 2007 7 15 12 53 1.0 2007 7 15 15 38 1.0 1 LHZ
EGMT US 2007 7 15 12 53 1.0 2007 7 15 15 38 1.0 1 LHZ
ERPA US 2007 7 15 12 53 1.0 2007 7 15 15 38 1.0 1 LHZ
EYMN US 2007 7 15 12 53 1.0 2007 7 15 15 38 1.0 1 LHZ
GLMI US 2007 7 15 12 53 1.0 2007 7 15 15 38 1.0 1 LHZ
GOGA US 2007 7 15 12 53 1.0 2007 7 15 15 38 1.0 1 LHZ
HDIL US 2007 7 15 12 53 1.0 2007 7 15 15 38 1.0 1 LHZ
HLID US 2007 7 15 12 53 1.0 2007 7 15 15 38 1.0 1 LHZ
ISCO US 2007 7 15 12 53 1.0 2007 7 15 15 38 1.0 1 LHZ
JCT US 2007 7 15 12 53 1.0 2007 7 15 15 38 1.0 1 LHZ
JFWS US 2007 7 15 12 53 1.0 2007 7 15 15 38 1.0 1 LHZ
KSU1 US 2007 7 15 12 53 1.0 2007 7 15 15 38 1.0 1 LHZ
LAO US 2007 7 15 12 53 1.0 2007 7 15 15 38 1.0 1 LHZ
LBNH US 2007 7 15 12 53 1.0 2007 7 15 15 38 1.0 1 LHZ
LONY US 2007 7 15 12 53 1.0 2007 7 15 15 38 1.0 1 LHZ
LRAL US 2007 7 15 12 53 1.0 2007 7 15 15 38 1.0 1 LHZ
MCWV US 2007 7 15 12 53 1.0 2007 7 15 15 38 1.0 1 LHZ
MIAR US 2007 7 15 12 53 1.0 2007 7 15 15 38 1.0 1 LHZ
MNTX US 2007 7 15 12 53 1.0 2007 7 15 15 38 1.0 1 LHZ
MSO US 2007 7 15 12 53 1.0 2007 7 15 15 38 1.0 1 LHZ
MVCO US 2007 7 15 12 53 1.0 2007 7 15 15 38 1.0 1 LHZ
NATX US 2007 7 15 12 53 1.0 2007 7 15 15 38 1.0 1 LHZ
NEW US 2007 7 15 12 53 1.0 2007 7 15 15 38 1.0 1 LHZ
NHSC US 2007 7 15 12 53 1.0 2007 7 15 15 38 1.0 1 LHZ
NLWA US 2007 7 15 12 53 1.0 2007 7 15 15 38 1.0 1 LHZ
OGNE US 2007 7 15 12 53 1.0 2007 7 15 15 38 1.0 1 LHZ
OXF US 2007 7 15 12 53 1.0 2007 7 15 15 38 1.0 1 LHZ
PKME US 2007 7 15 12 53 1.0 2007 7 15 15 38 1.0 1 LHZ
RLMT US 2007 7 15 12 53 1.0 2007 7 15 15 38 1.0 1 LHZ
SCIA US 2007 7 15 12 53 1.0 2007 7 15 15 38 1.0 1 LHZ
SDCO US 2007 7 15 12 53 1.0 2007 7 15 15 38 1.0 1 LHZ
TPNV US 2007 7 15 12 53 1.0 2007 7 15 15 38 1.0 1 LHZ
TZTN US 2007 7 15 12 53 1.0 2007 7 15 15 38 1.0 1 LHZ
VBMS US 2007 7 15 12 53 1.0 2007 7 15 15 38 1.0 1 LHZ
WMOK US 2007 7 15 12 53 1.0 2007 7 15 15 38 1.0 1 LHZ
WUAZ US 2007 7 15 12 53 1.0 2007 7 15 15 38 1.0 1 LHZ
SRU UU 2007 7 15 12 53 1.0 2007 7 15 15 38 1.0 1 LHZ
