6 1.000000 1026.000000 74.918367
7 1.993174 1395.529010 87.327645
8 2.058219 1839.746575 100.229452
9 2.178694 2335.924399 112.920962
10 2.458621 2868.393103 124.958621
11 2.615917 3483.190311 137.730104
12 2.857639 4150.270833 150.236111
13 2.996516 4871.205575 162.745645
14 3.153846 5637.132867 175.066434
15 3.196491 6491.368421 187.796491
16 3.278169 7363.471831 199.943662
17 3.353357 8332.360424 212.798587
18 3.510638 9333.929078 225.099291
19 3.565836 10364.078292 237.227758
20 3.632143 11415.950000 248.939286
21 3.741935 12658.537634 262.007168
22 3.751799 13934.388489 275.143885
23 3.920578 15235.927798 287.584838
24 3.891304 16609.855072 300.202899
25 4.032727 17938.494545 311.945455
26 4.072993 19467.919708 325.025547
27 4.091575 20941.992674 337.271062
28 4.242647 22402.000000 348.808824
29 4.291513 24176.841328 362.446494
30 4.300000 25919.481481 375.003704
31 4.364312 27669.397770 387.286245
32 4.384328 29506.649254 399.932836
33 4.445693 31203.520599 411.370787
34 4.462406 33222.007519 424.530075
35 4.505660 35268.158491 436.762264
36 4.526515 37183.666667 449.715909
37 4.581749 39476.190114 462.828897
38 4.652672 41554.832061 474.786260
39 4.620690 43744.022989 486.812261
40 4.738462 45894.846154 498.830769
41 4.756757 48329.552124 512.088803
42 4.736434 50870.534884 525.306202
43 4.805447 53029.984436 536.552529
44 4.925781 55456.078125 548.468750
45 4.909804 58099.074510 561.415686
46 4.897638 60999.724409 575.011811
47 5.003953 63378.181818 586.221344
48 5.000000 66315.603175 599.833333
49 5.023904 69077.003984 612.019920
50 4.996000 72115.064000 625.328000
51 5.096386 74516.377510 635.236948
52 5.092742 77811.000000 649.669355
53 5.170040 80744.923077 661.793522
54 5.121951 83748.821138 673.662602
55 5.224490 86801.330612 685.926531
56 5.237705 90165.737705 699.827869
57 5.242798 93562.131687 712.460905
58 5.272727 96806.768595 724.524793
59 5.340249 99732.265560 735.871369
60 5.295833 103558.808333 749.241667
61 5.359833 106967.121339 761.334728
62 5.378151 110058.252101 773.151261
63 5.337553 114245.898734 787.358650
64 5.466102 117006.652542 796.898305
65 5.455319 121304.000000 811.034043
66 5.363248 125439.837607 825.628205
67 5.450644 128964.077253 835.905579
68 5.482759 132608.232759 847.698276
69 5.528139 136466.961039 860.142857
70 5.500000 141106.000000 875.230435
71 5.489083 144548.768559 885.266376
72 5.552632 148583.973684 898.328947
73 5.612335 152779.973568 910.431718
74 5.668142 157095.407080 923.340708
75 5.622222 161468.080000 935.533333
76 5.562500 165979.714286 949.183036
77 5.618834 170040.717489 960.511211
78 5.693694 175253.252252 975.166667
79 5.787330 178607.954751 984.266968
80 5.650000 183963.300000 998.690909
81 5.671233 188571.159817 1010.771689
82 5.743119 193428.119266 1024.564220
83 5.751152 197620.645161 1033.889401
84 5.740741 202377.703704 1047.990741
85 5.879070 207360.018605 1060.418605
86 5.813084 212222.196262 1072.420561
87 5.816901 216815.568075 1084.638498
88 5.858491 221774.688679 1097.330189
89 5.834123 227517.658768 1110.985782
90 5.861905 232807.828571 1123.680952
91 5.909091 237975.330144 1136.047847
92 5.985577 243113.115385 1148.533654
93 5.971014 248452.917874 1160.859903
94 6.009709 253490.475728 1173.296117
95 5.887805 260030.341463 1187.907317
96 6.029412 264310.166667 1197.843137
97 5.960591 270679.802956 1210.827586
98 5.950495 275487.118812 1223.094059
99 6.049751 281832.636816 1236.233831
100 5.995000 287846.270000 1250.065000
101 5.964824 294295.376884 1261.889447
102 6.015152 299826.888889 1274.944444
103 6.071066 305382.335025 1287.030457
104 6.066327 310965.204082 1298.464286
105 6.179487 316009.641026 1308.379487
106 6.092784 322888.443299 1323.216495
107 6.056995 329957.989637 1336.927461
108 6.052083 336089.739583 1350.541667
109 6.172775 342627.183246 1362.722513
110 6.142105 348325.421053 1373.915789
111 6.190476 353845.026455 1384.433862
112 6.111702 360576.521277 1399.840426
113 6.160428 367147.304813 1410.609626
114 6.145161 373531.774194 1422.290323
115 6.210811 380036.713514 1435.254054
116 6.206522 386258.815217 1446.809783
117 6.158470 392960.808743 1457.606557
118 6.214286 400356.208791 1473.087912
119 6.204420 407127.591160 1486.298343
120 6.294444 413668.288889 1498.211111
121 6.335196 419433.262570 1508.134078
122 6.235955 429200.550562 1526.196629
123 6.276836 434651.378531 1536.214689
124 6.250000 443267.806818 1550.102273
125 6.262857 449195.668571 1560.480000
126 6.304598 456080.367816 1572.959770
127 6.369942 464678.658960 1587.184971
128 6.308140 469330.139535 1592.761628
129 6.409357 477736.269006 1608.058480
130 6.388235 485862.670588 1623.417647
131 6.325444 493418.733728 1636.360947
132 6.470238 498316.976190 1643.970238
133 6.353293 507791.712575 1659.688623
134 6.481928 515618.469880 1672.343373
135 6.393939 522941.054545 1683.751515
136 6.439024 529548.804878 1694.762195
137 6.392638 538947.521472 1710.337423
138 6.407407 548450.333333 1723.129630
139 6.366460 555580.496894 1734.639752
140 6.437500 562950.787500 1747.275000
141 6.452830 569495.044025 1755.987421
142 6.462025 579738.746835 1772.284810
143 6.509554 588234.598726 1786.522293
144 6.474359 595923.448718 1796.102564
145 6.503226 604959.109677 1811.058065
146 6.532468 611947.116883 1820.064935
147 6.424837 622419.294118 1837.986928
148 6.605263 629019.776316 1846.552632
149 6.483444 637359.562914 1859.046358
150 6.540000 647667.053333 1871.906667
151 6.597315 653730.228188 1882.140940
152 6.554054 664551.554054 1898.331081
153 6.666667 669760.721088 1905.673469
154 6.623288 678357.630137 1920.102740
155 6.696552 688900.000000 1932.627586
156 6.597222 699954.111111 1946.486111
157 6.608392 707735.734266 1959.825175
158 6.598592 717318.478873 1970.549296
159 6.546099 725225.432624 1983.425532
160 6.600000 734297.300000 1995.814286
161 6.611511 745421.151079 2011.136691
162 6.594203 754756.724638 2022.369565
163 6.532847 763913.357664 2035.386861
164 6.764706 772321.735294 2046.051471
165 6.651852 783268.237037 2060.562963
166 6.701493 790755.358209 2069.671642
167 6.624060 801558.947368 2086.360902
168 6.689394 813517.742424 2101.272727
169 6.702290 818998.595420 2109.374046
170 6.730769 828432.369231 2121.153846
171 6.666667 841194.914729 2135.124031
172 6.671875 850430.609375 2148.867188
173 6.740157 858574.362205 2157.062992
174 6.873016 866785.126984 2168.992063
175 6.720000 878563.056000 2184.544000
176 6.895161 889712.338710 2197.177419
177 6.699187 898898.617886 2207.926829
178 6.803279 910459.262295 2222.991803
179 6.917355 917923.107438 2231.636364
180 6.850000 933165.466667 2247.216667
181 6.831933 940364.521008 2259.235294
182 6.771186 950406.084746 2266.618644
183 6.837607 959188.974359 2280.641026
184 6.836207 972213.913793 2294.956897
185 6.843478 981797.965217 2307.400000
186 6.850877 994304.807018 2320.728070
187 6.778761 1004029.699115 2332.008850
188 6.946429 1014153.232143 2345.285714
189 6.765766 1028774.882883 2362.378378
190 6.881818 1038621.672727 2371.690909
191 7.036697 1046328.844037 2384.018349
192 6.916667 1058279.018519 2395.009259
193 6.915888 1066277.476636 2400.140187
194 6.877358 1079801.094340 2415.679245
195 6.857143 1096045.276190 2438.980952
196 6.913462 1105062.288462 2448.875000
197 6.932039 1112321.533981 2453.640777
198 6.862745 1126574.039216 2474.401961
199 7.029703 1137859.782178 2482.891089
200 6.880000 1149364.840000 2497.250000
201 6.959596 1157980.383838 2506.969697
202 7.071429 1167297.448980 2515.602041
203 6.958763 1182243.567010 2532.226804
204 6.937500 1199317.020833 2547.916667
205 6.915789 1208375.410526 2559.484211
206 7.085106 1217300.404255 2570.553191
207 6.967742 1232383.354839 2582.086022
208 6.902174 1248053.934783 2600.793478
209 6.901099 1252687.318681 2605.681319
210 7.011111 1265329.200000 2621.411111
211 6.943820 1280284.786517 2635.393258
212 6.897727 1293359.931818 2650.204545
213 7.022989 1303598.045977 2660.045977
214 6.941860 1316375.697674 2673.581395
215 7.094118 1325801.341176 2678.070588
216 7.071429 1340282.666667 2696.166667
217 6.963855 1355546.915663 2710.204819
218 7.048780 1363781.707317 2718.073171
219 7.012346 1379969.358025 2734.086420
220 7.062500 1389906.375000 2746.487500
221 7.101266 1398706.582278 2755.860759
222 7.115385 1413973.487179 2770.102564
223 7.220779 1432290.935065 2786.610390
224 7.039474 1444106.789474 2792.605263
225 7.146667 1453483.360000 2806.186667
226 7.121622 1470235.918919 2823.918919
227 7.136986 1475808.301370 2827.205479
228 7.111111 1492146.111111 2844.638889
229 7.098592 1508997.971831 2861.394366
230 7.114286 1520339.857143 2873.385714
231 7.028986 1531400.840580 2878.623188
232 7.235294 1545145.088235 2893.338235
233 7.134328 1560434.656716 2910.805970
234 7.136364 1568799.818182 2919.363636
235 7.123077 1584306.953846 2931.953846
236 7.234375 1600904.375000 2947.265625
237 7.079365 1609692.444444 2951.587302
238 7.048387 1632018.225806 2973.564516
239 7.245902 1635234.590164 2981.672131
240 7.200000 1654104.266667 2992.633333
241 7.101695 1669432.779661 3010.593220
242 7.155172 1688260.862069 3027.827586
243 7.263158 1690442.105263 3024.666667
244 7.214286 1709824.714286 3045.607143
245 7.272727 1720796.400000 3050.890909
246 7.296296 1740510.740741 3068.296296
247 7.207547 1756257.132075 3087.226415
248 7.288462 1771266.884615 3100.750000
249 7.235294 1781610.352941 3110.117647
250 7.280000 1797200.600000 3118.020000
251 7.102041 1805629.877551 3125.714286
252 7.333333 1823985.333333 3140.958333
253 7.234043 1841107.276596 3161.574468
254 7.195652 1861714.652174 3180.021739
255 7.288889 1864474.888889 3179.577778
256 7.318182 1881562.090909 3180.340909
257 7.348837 1903753.488372 3207.604651
258 7.190476 1916441.333333 3226.785714
259 7.268293 1935467.463415 3240.487805
260 7.250000 1936290.650000 3242.750000
261 7.179487 1961700.512821 3263.435897
262 7.368421 1970035.789474 3269.763158
263 7.270270 1993344.756757 3289.243243
264 7.416667 1995171.833333 3291.333333
265 7.200000 2006827.428571 3301.000000
266 7.323529 2029310.411765 3318.882353
267 7.424242 2039996.242424 3326.000000
268 7.343750 2064500.312500 3347.406250
269 7.290323 2077062.000000 3359.161290
270 7.433333 2088281.066667 3368.400000
271 7.275862 2110205.586207 3383.793103
272 7.214286 2125462.428571 3396.107143
273 7.259259 2141702.148148 3408.370370
274 7.269231 2156280.692308 3420.038462
275 7.280000 2170920.960000 3434.200000
276 7.166667 2196360.416667 3450.208333
277 7.391304 2205083.304348 3459.608696
278 7.227273 2216951.090909 3452.363636
279 7.142857 2235096.476190 3482.571429
280 7.500000 2254649.100000 3499.850000
281 7.600000 2253117.100000 3486.500000
282 7.250000 2287000.500000 3523.500000
283 7.100000 2306507.700000 3542.350000
284 7.500000 2308582.700000 3539.700000
285 7.500000 2335697.800000 3556.950000
286 7.600000 2346720.400000 3565.800000
287 7.350000 2366438.500000 3584.300000
288 7.400000 2387104.100000 3598.650000
289 7.450000 2401287.500000 3609.850000
290 7.550000 2416386.700000 3624.950000
291 7.200000 2434466.100000 3636.500000
292 7.400000 2449350.400000 3644.850000
293 7.700000 2461323.700000 3654.900000
294 7.600000 2468238.600000 3657.850000
295 7.500000 2503815.900000 3686.700000
296 7.450000 2505941.800000 3688.050000
297 7.600000 2526309.000000 3700.200000
298 7.600000 2545235.100000 3718.200000
299 7.450000 2563623.200000 3731.700000
300 7.400000 2584239.000000 3745.150000
301 7.950000 2598841.300000 3752.750000
302 7.550000 2606446.400000 3761.250000
303 7.600000 2616779.000000 3766.950000
304 7.450000 2639092.500000 3786.600000
305 7.500000 2669287.300000 3794.150000
306 7.550000 2688992.600000 3804.900000
307 7.500000 2710265.800000 3832.800000
308 7.200000 2727487.000000 3846.250000
309 7.500000 2741089.700000 3855.950000
310 7.400000 2761736.600000 3873.950000
311 7.400000 2771831.300000 3878.650000
312 7.550000 2798900.800000 3882.300000
313 7.700000 2799211.200000 3898.100000
314 7.150000 2838111.900000 3926.400000
315 7.350000 2854441.300000 3938.050000
316 7.400000 2870520.100000 3901.400000
317 7.650000 2870517.200000 3946.000000
318 7.900000 2880343.200000 3953.950000
319 7.500000 2922289.900000 3981.450000
320 7.700000 2915506.000000 3977.550000
321 7.700000 2966503.400000 4010.100000
322 7.550000 2965268.100000 4013.300000
323 7.550000 3002848.700000 4038.850000
324 7.400000 3017209.000000 4030.200000
325 7.650000 3035237.000000 4060.950000
326 7.500000 3056168.700000 4072.900000
327 7.550000 3086325.700000 4090.500000
328 7.350000 3080523.100000 4073.650000
329 7.600000 3109990.700000 4106.000000
330 7.850000 3135296.700000 4126.050000
331 7.550000 3116297.200000 4117.300000
332 7.400000 3165010.600000 4147.200000
333 7.600000 3178037.200000 4151.300000
334 7.600000 3202630.000000 4170.600000
335 7.500000 3224945.400000 4184.550000
336 7.600000 3221702.000000 4184.800000
337 7.750000 3267886.000000 4208.300000
338 7.650000 3281320.500000 4223.850000
339 7.650000 3294037.000000 4229.850000
340 7.800000 3309714.800000 4237.350000
341 7.500000 3354158.900000 4246.150000
342 7.800000 3363636.800000 4275.650000
343 7.650000 3374075.700000 4281.700000
344 7.550000 3396018.100000 4292.900000
345 7.600000 3400934.200000 4297.400000
346 7.700000 3425774.600000 4314.000000
347 7.350000 3455286.300000 4332.500000
348 7.600000 3488966.800000 4350.950000
349 7.550000 3500896.300000 4359.400000
350 7.700000 3521505.000000 4374.950000
351 7.800000 3559036.900000 4390.750000
352 7.600000 3569419.300000 4400.350000
353 7.550000 3578013.200000 4399.800000
354 7.650000 3602602.200000 4418.000000
355 7.600000 3626222.200000 4436.700000
356 7.750000 3639956.900000 4441.250000
357 7.500000 3668408.300000 4461.400000
358 7.600000 3671188.100000 4464.100000
359 7.650000 3689196.700000 4473.850000
360 7.850000 3711143.100000 4474.500000
361 7.750000 3720392.100000 4497.250000
362 7.600000 3765988.400000 4524.350000
363 7.750000 3780794.500000 4533.150000
364 7.900000 3809410.600000 4542.850000
365 7.700000 3827443.200000 4560.250000
366 7.650000 3844014.800000 4566.800000
367 7.600000 3883990.300000 4589.150000
368 7.700000 3875032.700000 4584.950000
369 7.800000 3911945.700000 4608.900000
370 7.800000 3912114.000000 4608.600000
371 7.750000 3952109.200000 4633.500000
372 7.750000 3958525.300000 4614.950000
373 7.800000 3994117.000000 4659.950000
374 7.850000 4024099.300000 4668.200000
375 7.750000 4034395.500000 4679.500000
376 7.550000 4061092.700000 4697.150000
377 7.700000 4079689.300000 4705.450000
378 7.700000 4117145.400000 4726.250000
379 7.750000 4114183.700000 4724.450000
380 7.900000 4154624.500000 4747.400000
381 7.750000 4168396.700000 4758.600000
382 7.800000 4182918.000000 4764.250000
383 7.950000 4224014.800000 4785.250000
384 7.750000 4250098.100000 4799.950000
385 7.650000 4268649.000000 4813.700000
386 7.900000 4247407.700000 4806.700000
387 7.900000 4279928.700000 4821.150000
388 7.700000 4310503.600000 4843.050000
389 7.750000 4318508.100000 4844.300000
390 7.950000 4362260.000000 4866.400000
391 7.550000 4413852.300000 4895.800000
392 7.950000 4388219.100000 4882.100000
393 7.850000 4434088.600000 4907.200000
394 7.750000 4466678.700000 4901.700000
395 7.600000 4512572.500000 4952.350000
396 7.850000 4496247.100000 4938.950000
397 7.750000 4521866.900000 4951.300000
398 8.000000 4554359.000000 4973.400000
399 7.800000 4571590.900000 4961.850000
400 7.800000 4611045.200000 4999.550000
401 7.850000 4587355.900000 4992.500000
402 7.800000 4650383.100000 5020.450000
403 7.550000 4659985.100000 5027.850000
404 7.800000 4695969.600000 5048.700000
405 7.900000 4706799.500000 5056.700000
406 7.900000 4741080.100000 5072.250000
407 7.800000 4749833.900000 5077.100000
408 7.700000 4806768.300000 5105.850000
409 7.850000 4811642.700000 5106.050000
410 7.950000 4832096.400000 5075.950000
411 7.850000 4843623.400000 5128.550000
412 8.000000 4866643.200000 5134.950000
413 7.800000 4897804.800000 5155.550000
414 7.750000 4928244.800000 5174.150000
415 7.950000 4938974.300000 5180.400000
416 7.650000 4965883.600000 5189.400000
417 7.950000 5000115.500000 5210.650000
418 7.850000 5003801.600000 5207.650000
419 7.900000 5049880.500000 5232.450000
420 7.950000 5078752.300000 5245.900000
421 8.150000 5065423.600000 5244.750000
422 7.900000 5112765.400000 5266.500000
423 7.900000 5158110.800000 5292.150000
424 7.950000 5163389.600000 5290.150000
425 8.050000 5191223.400000 5286.500000
426 7.850000 5221051.300000 5325.600000
427 7.850000 5245938.700000 5314.750000
428 7.750000 5260603.900000 5343.750000
429 8.000000 5280638.800000 5352.450000
430 7.800000 5311743.200000 5368.100000
431 7.650000 5308487.800000 5372.000000
432 7.950000 5340686.600000 5366.350000
433 7.850000 5398660.600000 5414.800000
434 8.000000 5445388.200000 5435.000000
435 7.650000 5435406.400000 5410.250000
436 8.050000 5442752.700000 5439.400000
437 8.100000 5470639.800000 5450.500000
438 7.900000 5488510.500000 5458.950000
439 8.000000 5507960.200000 5450.850000
440 8.000000 5538463.500000 5484.050000
441 7.850000 5576527.900000 5501.750000
442 8.250000 5609455.000000 5517.400000
443 8.000000 5622266.200000 5524.750000
444 7.800000 5682243.700000 5550.200000
445 7.900000 5690039.100000 5555.350000
446 8.000000 5702365.600000 5562.350000
447 7.800000 5714109.000000 5570.900000
448 7.850000 5770871.300000 5593.750000
449 8.350000 5778091.100000 5595.950000
450 7.900000 5800267.600000 5608.600000
451 7.950000 5873962.500000 5621.050000
452 7.850000 5888031.800000 5629.850000
453 8.050000 5891278.900000 5653.600000
454 7.750000 5950001.800000 5682.750000
455 8.000000 5959892.500000 5686.000000
456 8.000000 5947324.600000 5660.050000
457 8.050000 5992688.600000 5703.650000
458 8.050000 6007467.700000 5713.150000
459 8.050000 6053450.100000 5733.900000
460 7.950000 6033684.400000 5720.800000
461 8.100000 6107417.300000 5754.850000
462 8.100000 6113695.400000 5758.800000
463 8.000000 6152441.200000 5781.350000
464 7.950000 6187619.500000 5797.800000
465 7.950000 6221571.700000 5807.850000
466 7.850000 6242075.100000 5816.100000
467 8.150000 6257082.600000 5822.950000
468 8.100000 6298354.300000 5844.150000
469 8.000000 6305511.900000 5829.750000
470 8.100000 6340123.300000 5864.700000
471 8.150000 6369590.200000 5875.200000
472 7.900000 6388366.800000 5892.050000
473 8.100000 6415257.600000 5901.250000
474 8.050000 6446044.700000 5910.350000
475 8.150000 6497739.700000 5937.050000
476 8.200000 6519837.000000 5949.400000
477 8.250000 6504769.400000 5941.800000
478 8.250000 6568854.200000 5966.750000
479 7.900000 6582801.600000 5976.450000
480 7.900000 6653234.800000 6006.600000
481 8.000000 6646073.100000 6009.350000
482 8.000000 6638972.600000 6009.000000
483 8.150000 6677850.700000 6016.850000
484 7.700000 6721309.900000 6041.350000
485 8.200000 6754556.100000 6054.650000
486 8.000000 6774043.500000 6065.500000
487 7.900000 6812029.000000 6059.900000
488 7.850000 6848988.900000 6100.200000
489 8.050000 6867439.400000 6102.600000
490 8.150000 6884699.100000 6118.050000
491 8.250000 6914467.900000 6126.550000
492 8.100000 6952614.800000 6147.150000
493 8.000000 6938051.000000 6114.550000
494 8.200000 6969137.900000 6152.350000
495 7.900000 7066247.400000 6196.000000
496 8.000000 7085444.100000 6205.800000
497 8.000000 7087268.700000 6199.750000
498 8.050000 7098142.600000 6211.850000
499 8.200000 7171378.100000 6238.350000
500 8.000000 7189341.800000 6246.550000
501 8.400000 7195208.700000 6251.250000
502 8.000000 7254931.800000 6252.950000
503 8.300000 7234738.200000 6267.350000
504 8.200000 7281171.900000 6267.150000
505 8.250000 7315380.500000 6302.650000
506 8.450000 7348063.400000 6314.600000
507 8.450000 7357265.500000 6323.150000
508 8.300000 7412871.600000 6343.400000
509 8.300000 7422239.100000 6348.550000
510 8.150000 7454706.900000 6362.800000
511 8.050000 7488577.400000 6374.050000
512 7.900000 7560705.100000 6405.500000
513 8.200000 7566012.000000 6406.900000
514 8.000000 7595497.900000 6423.150000
515 8.350000 7643163.000000 6437.050000
516 8.100000 7678270.700000 6453.400000
517 8.100000 7675328.500000 6455.250000
518 8.250000 7722103.900000 6474.800000
519 8.400000 7694959.200000 6467.950000
520 8.150000 7745149.500000 6486.950000
521 8.150000 7798519.900000 6480.700000
522 8.100000 7851359.700000 6527.750000
523 8.000000 7854416.000000 6535.400000
524 8.200000 7877338.700000 6537.800000
525 8.100000 7932653.900000 6561.800000
526 8.200000 7956616.300000 6571.000000
527 8.300000 7976744.200000 6580.100000
528 8.100000 8025568.100000 6601.900000
529 8.000000 8012624.200000 6595.000000
530 8.150000 8085108.700000 6625.600000
531 8.000000 8116467.600000 6634.300000
532 7.900000 8154119.700000 6655.000000
533 8.000000 8162143.500000 6653.650000
534 8.100000 8183423.100000 6638.650000
535 8.200000 8219539.600000 6655.750000
536 8.250000 8276234.100000 6703.500000
537 8.150000 8294916.500000 6710.550000
538 8.200000 8277430.900000 6705.350000
539 8.250000 8330355.100000 6698.600000
540 8.250000 8337408.000000 6731.250000
541 8.250000 8385692.100000 6747.500000
542 7.950000 8436814.100000 6764.750000
543 8.150000 8494207.100000 6785.800000
544 8.250000 8511187.500000 6796.400000
545 8.150000 8541372.000000 6813.050000
546 8.000000 8573777.100000 6821.550000
547 8.100000 8607455.900000 6833.000000
548 8.100000 8600113.600000 6832.550000
549 8.100000 8724875.600000 6883.700000
550 8.100000 8656442.800000 6855.000000
551 8.350000 8708603.500000 6875.050000
552 8.150000 8780073.000000 6905.450000
553 8.100000 8786117.700000 6905.100000
554 8.250000 8822671.600000 6923.700000
555 8.300000 8849610.300000 6928.050000
556 8.300000 8885765.300000 6943.800000
557 8.000000 8931730.200000 6965.050000
558 8.300000 8926624.500000 6963.300000
559 8.300000 8962420.000000 6974.450000
560 8.300000 9034605.300000 6999.150000
561 8.250000 9010486.300000 6991.800000
562 8.100000 9066901.100000 7014.650000
563 8.300000 9092588.300000 7024.900000
564 8.150000 9167891.200000 7055.700000
565 7.950000 9181821.800000 7059.550000
566 8.200000 9227438.300000 7077.600000
567 8.550000 9222319.400000 7075.900000
568 8.450000 9324978.800000 7105.250000
569 8.350000 9308671.800000 7074.550000
570 8.350000 9354140.500000 7122.850000
571 8.100000 9343874.500000 7127.350000
572 8.400000 9358622.600000 7130.700000
573 8.300000 9424574.900000 7152.950000
574 8.050000 9443523.000000 7156.900000
575 8.250000 9470276.800000 7174.550000
576 8.300000 9534527.300000 7195.650000
577 8.250000 9540710.400000 7203.100000
578 8.250000 9625941.900000 7226.350000
579 8.350000 9623067.800000 7231.300000
580 8.350000 9663749.600000 7240.850000
581 8.350000 9731386.400000 7264.800000
582 8.150000 9736678.500000 7276.200000
583 8.300000 9786203.800000 7293.050000
584 8.400000 9805252.400000 7294.900000
585 8.350000 9830340.000000 7308.000000
586 8.250000 9880453.000000 7324.400000
587 8.350000 9881820.300000 7323.450000
588 8.200000 9944331.500000 7343.250000
589 8.350000 9976589.600000 7356.400000
590 8.150000 9983606.000000 7363.300000
591 8.400000 10047372.900000 7382.000000
592 8.550000 10069866.000000 7395.250000
593 8.400000 10135188.500000 7414.800000
594 8.500000 10151424.100000 7425.650000
595 8.450000 10166190.200000 7427.750000
596 8.300000 10178133.200000 7441.900000
597 8.250000 10257284.900000 7460.400000
598 8.250000 10261852.800000 7465.850000
599 8.650000 10294196.600000 7474.550000
600 8.450000 10331298.200000 7485.250000
601 8.250000 10392392.700000 7508.150000
602 8.200000 10421080.800000 7516.200000
603 8.150000 10423708.000000 7522.150000
604 8.450000 10466731.300000 7535.300000
605 8.350000 10468949.600000 7539.650000
606 8.350000 10560306.400000 7571.450000
607 8.400000 10558726.500000 7571.250000
608 8.200000 10645189.600000 7604.550000
609 8.400000 10670841.600000 7612.450000
610 8.300000 10688735.900000 7613.500000
611 8.250000 10674251.300000 7614.900000
612 8.150000 10700492.400000 7619.950000
613 8.100000 10781825.900000 7655.700000
614 8.400000 10774158.000000 7642.350000
615 8.400000 10847245.300000 7674.350000
616 8.250000 10927489.000000 7691.550000
617 8.450000 10900364.000000 7697.100000
618 8.350000 10963942.000000 7710.750000
619 8.600000 10988700.900000 7722.050000
620 8.050000 11022231.000000 7732.900000
621 8.350000 11059372.900000 7752.250000
622 8.550000 11130205.300000 7771.700000
623 8.350000 11129062.700000 7772.950000
624 8.450000 11174814.400000 7792.950000
625 8.700000 11213722.900000 7797.550000
626 8.500000 11220410.000000 7804.650000
627 8.300000 11308760.200000 7831.250000
628 8.400000 11352859.100000 7846.850000
629 8.450000 11333089.500000 7811.150000
630 8.400000 11434194.400000 7883.750000
631 8.650000 11414583.500000 7864.400000
632 8.650000 11536649.900000 7908.950000
633 8.250000 11535886.100000 7911.350000
634 8.350000 11524485.700000 7910.100000
635 8.550000 11587291.500000 7925.900000
636 8.350000 11603421.900000 7940.750000
637 8.400000 11654675.000000 7951.250000
638 8.500000 11682202.400000 7958.650000
639 8.550000 11704435.000000 7971.700000
640 8.450000 11801401.200000 8005.500000
641 8.450000 11874477.700000 8024.850000
642 8.250000 11826513.400000 8013.550000
643 8.450000 11851970.100000 7996.700000
644 8.350000 11952691.400000 8055.200000
645 8.200000 11991371.800000 8061.900000
646 8.550000 11952949.200000 8054.700000
647 8.550000 12041897.200000 8083.550000
648 8.300000 12076426.500000 8098.950000
649 8.450000 12056077.300000 8086.950000
650 8.500000 12125889.200000 8112.150000
651 8.450000 12195776.400000 8138.050000
652 8.700000 12231056.700000 8112.350000
653 8.600000 12195602.600000 8135.300000
654 8.450000 12301383.400000 8167.200000
655 8.550000 12253900.400000 8154.750000
656 8.300000 12316502.800000 8142.350000
657 8.500000 12377271.200000 8196.650000
658 8.300000 12433519.600000 8150.850000
659 8.350000 12432988.800000 8210.400000
660 8.300000 12492476.800000 8206.950000
661 8.450000 12518849.600000 8244.800000
662 8.400000 12548395.600000 8252.850000
663 8.400000 12645054.200000 8283.450000
664 8.500000 12679185.400000 8292.400000
665 8.500000 12670078.500000 8290.600000
666 8.350000 12782881.100000 8272.200000
667 8.450000 12783366.300000 8328.500000
668 8.400000 12795732.100000 8299.350000
669 8.500000 12807764.900000 8338.250000
670 8.450000 12853837.700000 8352.350000
671 8.400000 12917991.600000 8375.700000
672 8.550000 12948152.900000 8347.000000
673 8.200000 13056016.600000 8418.850000
674 8.750000 13062563.200000 8421.650000
675 8.500000 13094678.100000 8427.150000
676 8.250000 13097989.800000 8434.950000
677 8.550000 13115215.500000 8437.700000
678 8.450000 13230311.200000 8471.700000
679 8.350000 13235219.900000 8473.850000
680 8.300000 13389025.600000 8519.850000
681 8.500000 13347487.700000 8513.100000
682 8.600000 13364557.700000 8517.550000
683 8.200000 13402114.400000 8530.250000
684 8.500000 13381926.000000 8521.850000
685 8.900000 13481184.300000 8551.900000
686 8.300000 13558676.900000 8577.450000
687 8.700000 13543297.200000 8569.400000
688 8.400000 13618789.500000 8602.200000
689 8.700000 13618421.900000 8597.450000
690 8.550000 13730970.700000 8633.450000
691 8.650000 13677557.700000 8615.900000
692 8.400000 13741720.800000 8600.700000
693 8.350000 13811011.400000 8660.900000
694 8.700000 13833913.700000 8659.200000
695 8.700000 13876286.500000 8676.750000
696 8.700000 13903482.200000 8689.300000
697 8.550000 14006548.700000 8716.400000
698 8.600000 13964442.200000 8703.400000
699 8.550000 14055631.200000 8727.750000
700 8.450000 14118217.600000 8754.950000
701 8.450000 14083357.300000 8747.450000
702 8.550000 14177049.000000 8769.600000
703 8.600000 14110874.000000 8749.800000
704 8.450000 14227701.800000 8790.950000
705 8.350000 14280635.700000 8810.550000
706 8.850000 14275314.500000 8805.350000
707 8.400000 14399780.900000 8838.550000
708 8.550000 14364950.200000 8832.200000
709 8.500000 14428403.300000 8852.250000
710 8.550000 14459434.100000 8861.600000
711 8.600000 14489373.300000 8831.600000
712 8.500000 14534273.500000 8879.950000
713 8.600000 14649331.200000 8919.950000
714 8.650000 14658570.000000 8914.700000
715 8.700000 14634964.400000 8911.800000
716 8.400000 14737538.300000 8936.500000
717 8.500000 14797600.600000 8963.100000
718 8.600000 14866112.300000 8980.850000
719 8.650000 14893605.500000 8989.450000
720 8.800000 14893838.400000 8956.100000
721 8.700000 14955304.400000 9006.600000
722 8.750000 14967828.800000 9015.050000
723 8.550000 14970243.700000 9019.000000
724 8.550000 15102407.600000 9053.550000
725 8.650000 15054678.400000 9036.950000
726 8.600000 15104658.500000 9059.100000
727 8.500000 15188455.500000 9077.100000
728 8.550000 15257288.600000 9059.250000
729 8.550000 15239334.400000 9063.600000
730 8.500000 15375965.000000 9133.200000
731 8.500000 15324233.900000 9117.600000
732 8.400000 15370229.200000 9137.450000
733 8.550000 15450965.700000 9119.450000
734 8.500000 15450660.300000 9164.650000
735 9.050000 15527098.000000 9178.150000
736 8.500000 15559586.000000 9182.000000
737 8.550000 15584011.800000 9197.000000
738 8.250000 15701054.700000 9227.850000
739 8.650000 15660276.500000 9219.700000
740 8.700000 15725804.700000 9237.750000
741 8.450000 15750793.400000 9250.500000
742 8.500000 15835884.500000 9270.400000
743 8.750000 15805360.900000 9268.250000
744 8.550000 15918240.800000 9258.350000
745 8.350000 15984318.900000 9312.100000
746 8.500000 16004800.300000 9284.350000
747 8.550000 16016359.300000 9326.950000
748 8.550000 16022103.900000 9332.550000
749 8.650000 16069597.000000 9335.250000
750 8.500000 16077190.400000 9344.000000
751 8.750000 16185475.800000 9331.550000
752 8.450000 16229695.300000 9386.600000
753 8.500000 16309543.200000 9407.550000
754 8.550000 16312631.000000 9412.950000
755 8.600000 16377174.100000 9426.650000
756 8.700000 16385744.800000 9426.950000
757 8.900000 16374626.700000 9429.400000
758 8.600000 16477881.500000 9456.400000
759 8.450000 16551410.900000 9479.250000
760 8.700000 16553177.800000 9481.050000
761 8.550000 16732070.100000 9525.200000
762 8.600000 16620950.400000 9503.250000
763 8.750000 16720682.800000 9526.950000
764 8.900000 16759753.100000 9535.100000
765 8.750000 16794341.700000 9546.200000
766 8.850000 16786011.900000 9549.750000
767 8.600000 16922750.500000 9583.150000
768 8.900000 16869332.300000 9570.000000
769 8.700000 16989836.800000 9597.700000
770 8.600000 17053821.300000 9625.800000
771 8.650000 17050752.700000 9619.300000
772 8.800000 17057143.900000 9627.400000
773 8.750000 17116412.300000 9634.700000
774 8.450000 17146505.900000 9611.300000
775 8.900000 17222360.500000 9669.950000
776 8.800000 17312004.000000 9696.500000
777 8.700000 17281196.800000 9694.700000
778 8.700000 17382740.300000 9708.050000
779 8.700000 17433742.700000 9725.250000
780 8.600000 17447680.700000 9729.200000
781 8.650000 17542105.000000 9755.350000
782 8.750000 17614834.300000 9774.600000
783 8.800000 17580190.600000 9776.200000
784 8.700000 17613861.100000 9781.650000
785 8.650000 17682323.700000 9797.250000
786 8.600000 17788257.100000 9825.300000
787 8.700000 17833754.100000 9836.300000
788 8.700000 17918552.500000 9854.400000
789 8.500000 17963410.100000 9875.550000
790 8.500000 17940273.400000 9827.250000
791 8.450000 17976139.300000 9877.500000
792 8.900000 17985337.500000 9885.900000
793 8.350000 18071544.000000 9869.600000
794 8.950000 18076688.600000 9908.200000
795 8.800000 18082442.000000 9914.350000
796 8.300000 18207666.000000 9936.200000
797 8.550000 18289834.400000 9967.500000
798 8.750000 18204622.600000 9940.300000
799 8.550000 18423106.100000 9962.500000
800 8.650000 18378746.400000 9986.600000
801 8.550000 18447569.800000 10015.400000
802 8.700000 18446643.600000 10003.350000
803 8.700000 18513345.300000 10019.750000
804 9.000000 18567547.600000 10033.600000
805 8.700000 18590580.700000 10047.250000
806 8.550000 18615227.400000 9976.150000
807 8.650000 18682492.800000 10070.350000
808 8.600000 18788603.000000 10095.500000
809 8.650000 18801483.600000 10103.700000
810 8.500000 18847814.100000 10076.400000
811 8.750000 18889810.500000 10091.800000
812 8.700000 18950999.800000 10104.100000
813 8.700000 18945161.100000 10140.150000
814 8.800000 19059519.600000 10171.350000
815 8.800000 19081060.300000 10174.900000
816 8.650000 19195179.400000 10200.500000
817 8.750000 19217532.700000 10169.900000
818 8.850000 19204653.600000 10210.700000
819 8.750000 19228838.500000 10220.300000
820 8.750000 19342323.100000 10241.650000
821 8.750000 19334245.800000 10247.300000
822 8.800000 19436100.800000 10227.150000
823 8.600000 19469455.000000 10275.700000
824 8.900000 19483749.100000 10279.150000
825 8.600000 19545572.900000 10304.050000
826 8.750000 19538337.000000 10302.400000
827 8.750000 19584539.300000 10314.800000
828 8.750000 19682542.200000 10292.850000
829 8.800000 19754588.900000 10355.850000
830 8.650000 19831921.800000 10376.550000
831 8.800000 19830269.200000 10377.250000
832 8.900000 19898041.400000 10393.400000
833 8.550000 19982091.300000 10420.000000
834 8.600000 19974064.200000 10329.850000
835 8.750000 19958716.000000 10415.950000
836 8.550000 20027504.800000 10427.650000
837 8.500000 20190411.600000 10461.850000
838 8.900000 20191563.100000 10459.650000
839 8.950000 20186606.200000 10417.050000
840 8.750000 20249556.100000 10485.800000
841 8.550000 20351870.600000 10510.150000
842 8.600000 20367840.100000 10511.700000
843 8.700000 20413480.100000 10530.000000
844 8.850000 20477025.800000 10542.350000
845 8.700000 20480987.100000 10537.600000
846 8.550000 20521456.400000 10560.600000
847 8.650000 20661163.900000 10592.700000
848 8.600000 20645469.200000 10586.750000
849 8.850000 20683215.600000 10594.800000
850 9.100000 20715123.600000 10561.450000
851 8.800000 20804313.000000 10624.800000
852 8.650000 20959834.200000 10666.300000
853 8.650000 20923038.400000 10659.200000
854 8.750000 20952240.300000 10659.550000
855 8.750000 21068817.600000 10689.950000
856 8.900000 20980109.500000 10671.650000
857 8.800000 21064103.700000 10696.800000
858 8.750000 21157876.100000 10716.450000
859 8.800000 21142639.600000 10716.950000
860 8.700000 21143441.000000 10678.250000
861 8.850000 21270927.000000 10740.700000
862 8.800000 21325609.800000 10758.650000
863 8.900000 21395135.400000 10766.200000
864 8.900000 21455158.100000 10798.000000
865 9.050000 21468603.800000 10799.500000
866 8.750000 21507536.900000 10806.850000
867 8.700000 21645984.900000 10836.100000
868 8.750000 21666940.600000 10845.000000
869 8.700000 21656117.400000 10843.550000
870 8.950000 21732943.700000 10860.050000
871 8.650000 21815591.200000 10885.350000
872 8.600000 21872447.300000 10896.000000
873 8.800000 21915919.900000 10906.800000
874 8.750000 21977778.400000 10918.100000
875 8.550000 22042816.800000 10935.750000
876 8.700000 22088205.500000 10949.750000
877 8.850000 22080793.500000 10950.450000
878 8.850000 22157083.400000 10961.750000
879 8.700000 22236662.100000 10986.900000
880 8.750000 22258808.400000 10989.250000
881 8.750000 22296311.000000 10994.650000
882 8.800000 22471633.900000 11045.050000
883 8.900000 22318323.700000 11009.550000
884 8.600000 22456908.800000 11042.300000
885 8.850000 22542539.500000 11053.850000
886 8.750000 22563955.300000 11064.900000
887 8.600000 22578552.100000 11068.650000
888 9.100000 22619662.100000 11080.800000
889 8.750000 22689806.000000 11057.550000
890 8.600000 22783937.000000 11115.750000
891 8.950000 22716881.800000 11114.700000
892 9.000000 22887702.900000 11143.750000
893 8.950000 22911800.400000 11153.550000
894 8.900000 22929987.800000 11158.400000
895 8.650000 22995321.200000 11130.600000
896 8.950000 23039363.800000 11185.450000
897 8.850000 23109695.500000 11153.400000
898 8.800000 23187438.200000 11211.750000
899 8.750000 23290317.200000 11239.600000
900 8.850000 23212932.100000 11230.900000
