100 6.030000
101 5.964824
102 6.060606
103 6.055838
104 6.096939
105 6.123077
106 6.072165
107 6.088083
108 6.083333
109 6.183246
110 6.163158
111 6.089947
112 6.191489
113 6.133690
114 6.155914
115 6.232432
116 6.217391
117 6.234973
118 6.302198
119 6.281768
120 6.333333
121 6.301676
122 6.280899
123 6.299435
124 6.289773
125 6.314286
126 6.321839
127 6.398844
128 6.267442
129 6.327485
130 6.323529
131 6.384615
132 6.410714
133 6.425150
134 6.530120
135 6.387879
136 6.408537
137 6.325153
138 6.493827
139 6.484472
140 6.350000
141 6.477987
142 6.436709
143 6.426752
144 6.512821
145 6.503226
146 6.480519
147 6.503268
148 6.539474
149 6.549669
150 6.553333
151 6.496644
152 6.567568
153 6.605442
154 6.568493
155 6.662069
156 6.520833
157 6.615385
158 6.690141
159 6.567376
160 6.685714
161 6.647482
162 6.702899
163 6.708029
164 6.639706
165 6.681481
166 6.716418
167 6.646617
168 6.772727
169 6.664122
170 6.715385
171 6.596899
172 6.781250
173 6.755906
174 6.714286
175 6.744000
176 6.822581
177 6.731707
178 6.754098
179 6.826446
180 6.758333
181 6.714286
182 6.813559
183 6.914530
184 6.818966
185 6.826087
186 6.815789
187 6.831858
188 6.839286
189 6.873874
190 6.990909
191 6.926606
192 6.851852
193 6.906542
194 6.839623
195 6.771429
196 6.865385
197 6.922330
198 6.931373
199 6.940594
200 6.880000
201 6.909091
202 7.030612
203 6.917526
204 6.968750
205 6.978947
206 7.000000
207 6.978495
208 7.021739
209 6.967033
210 7.011111
211 7.157303
212 7.022727
213 7.034483
214 7.058140
215 7.082353
216 7.059524
217 7.000000
218 7.024390
219 7.098765
220 7.100000
221 7.139241
222 7.179487
223 7.090909
224 7.052632
225 7.066667
226 7.027027
227 7.164384
228 7.041667
229 7.126761
230 6.957143
231 7.130435
232 7.161765
233 7.119403
234 7.106061
235 7.061538
236 7.031250
237 7.063492
238 7.129032
239 7.131148
240 7.166667
241 7.271186
242 7.086207
243 7.122807
244 7.178571
245 7.181818
246 7.370370
247 7.188679
248 7.269231
249 7.235294
250 7.240000
251 7.244898
252 7.166667
253 7.212766
254 7.195652
255 7.088889
256 7.409091
257 7.186047
258 7.357143
259 7.146341
260 7.175000
261 7.256410
262 7.157895
263 7.243243
264 7.305556
265 7.400000
266 7.529412
267 7.242424
268 7.250000
269 7.387097
270 7.233333
271 7.275862
272 7.464286
273 7.222222
274 7.538462
275 7.480000
276 7.458333
277 7.434783
278 7.318182
279 7.619048
