6 1.000000
7 2.000000
8 2.000000
9 2.300000
10 2.400000
11 2.600000
12 2.800000
13 2.800000
14 3.150000
15 3.150000
16 3.300000
17 3.350000
18 3.400000
19 3.550000
20 3.600000
21 3.900000
22 3.650000
23 3.900000
24 3.900000
25 3.900000
26 4.250000
27 4.250000
28 3.950000
29 4.250000
30 4.200000
31 4.250000
32 4.450000
33 4.350000
34 4.500000
35 4.550000
36 4.650000
37 4.600000
38 4.750000
39 4.600000
40 4.650000
41 4.550000
42 4.600000
43 4.850000
44 4.800000
45 4.650000
46 4.850000
47 4.950000
48 4.800000
49 5.000000
50 5.000000
51 5.250000
52 5.200000
53 5.100000
54 5.100000
55 5.250000
56 5.150000
57 5.100000
58 5.200000
59 5.450000
60 5.200000
61 5.450000
62 5.450000
63 5.400000
64 5.150000
65 5.200000
66 5.400000
67 5.300000
68 5.600000
69 5.550000
70 5.450000
71 5.500000
72 5.650000
73 5.750000
74 5.550000
75 5.700000
76 5.700000
77 5.600000
78 5.750000
79 5.700000
80 5.750000
81 5.550000
82 5.650000
83 5.700000
84 5.950000
85 5.650000
86 5.850000
87 5.700000
88 5.800000
89 6.050000
90 5.950000
91 5.850000
92 5.700000
93 6.150000
94 6.100000
95 5.750000
96 5.850000
97 5.950000
98 5.850000
99 6.250000
100 6.300000
101 6.100000
102 6.150000
103 5.900000
104 6.400000
105 6.250000
106 6.150000
107 6.000000
108 6.150000
109 6.400000
110 6.050000
111 6.300000
112 6.150000
113 6.050000
114 6.100000
115 6.100000
116 6.300000
117 6.400000
118 6.200000
119 6.200000
120 6.300000
121 6.250000
122 6.200000
123 6.300000
124 6.100000
125 6.500000
126 6.400000
127 6.400000
128 6.400000
129 6.200000
130 6.350000
131 6.500000
132 6.100000
133 6.500000
134 6.450000
135 6.350000
136 6.550000
137 6.300000
138 6.300000
139 6.400000
140 6.450000
141 6.250000
142 6.450000
143 6.650000
144 6.700000
145 6.600000
146 6.650000
147 6.350000
148 6.450000
149 6.600000
150 6.500000
151 6.800000
152 6.650000
153 6.500000
154 6.700000
155 6.550000
156 6.350000
157 6.500000
158 6.450000
159 6.800000
160 6.750000
161 6.600000
162 6.750000
163 6.750000
164 6.850000
165 6.500000
166 6.900000
167 6.550000
168 6.550000
169 6.750000
170 6.750000
171 6.750000
172 6.900000
173 6.850000
174 6.500000
175 6.850000
176 6.450000
177 6.800000
178 6.500000
179 6.800000
180 6.750000
181 6.750000
182 6.600000
183 7.050000
184 7.100000
185 6.800000
186 7.050000
187 6.900000
188 6.750000
189 6.900000
190 6.850000
191 7.200000
192 7.100000
193 6.900000
194 6.800000
195 7.000000
196 6.700000
197 7.050000
198 7.000000
199 6.950000
200 7.200000
201 6.950000
202 6.800000
203 7.100000
204 6.950000
205 7.000000
206 6.900000
207 6.850000
208 7.000000
209 6.850000
210 7.000000
211 7.150000
212 7.050000
213 6.850000
214 6.900000
215 6.950000
216 6.950000
217 7.150000
218 7.100000
219 6.900000
220 7.150000
221 6.900000
222 7.150000
223 7.250000
224 6.850000
225 7.150000
226 7.250000
227 7.000000
228 6.950000
229 7.100000
230 7.150000
231 7.150000
232 7.150000
233 7.200000
234 7.100000
235 7.050000
236 7.250000
237 6.900000
238 7.150000
239 7.200000
240 7.150000
241 7.350000
242 7.350000
243 7.050000
244 7.000000
245 7.200000
246 7.250000
247 7.250000
248 7.150000
249 7.200000
250 7.200000
251 7.100000
252 7.500000
253 7.400000
254 7.300000
255 7.200000
256 7.350000
257 7.400000
258 7.350000
259 7.250000
260 7.500000
261 7.100000
262 7.350000
263 7.300000
264 7.400000
265 7.350000
266 7.200000
267 7.150000
268 7.450000
269 7.250000
270 7.350000
271 7.250000
272 7.250000
273 7.300000
274 7.500000
275 7.300000
276 7.300000
277 7.450000
278 7.550000
279 7.350000
280 7.250000
281 7.400000
282 7.150000
283 7.450000
284 7.400000
285 7.150000
286 7.100000
287 7.300000
288 7.450000
289 7.350000
290 7.400000
291 7.400000
292 7.350000
293 7.400000
294 7.450000
295 7.250000
296 7.400000
297 7.500000
298 7.250000
299 7.350000
300 7.350000
301 7.350000
302 7.450000
303 7.700000
304 7.550000
305 7.450000
306 7.650000
307 7.550000
308 7.450000
309 7.550000
310 7.350000
311 7.300000
312 7.550000
313 7.400000
314 7.400000
315 7.400000
316 7.700000
317 7.600000
318 7.550000
319 7.700000
320 7.550000
321 7.450000
322 7.650000
323 7.400000
324 7.750000
325 7.650000
326 7.350000
327 7.600000
328 7.500000
329 7.450000
330 7.550000
331 7.600000
332 7.600000
333 7.550000
334 7.650000
335 7.550000
336 7.500000
337 7.500000
338 7.600000
339 7.400000
340 7.850000
341 7.500000
342 7.750000
343 7.450000
344 7.650000
345 7.450000
346 7.600000
347 7.450000
348 7.550000
349 7.650000
350 7.600000
351 7.600000
352 7.500000
353 7.600000
354 7.650000
355 7.500000
356 7.650000
357 7.600000
358 7.650000
359 7.700000
360 7.950000
361 7.550000
362 7.550000
363 7.750000
364 7.500000
365 7.600000
366 7.600000
367 7.450000
368 7.850000
369 7.650000
370 7.550000
371 7.850000
372 7.800000
373 7.600000
374 7.750000
375 7.650000
376 7.800000
377 7.800000
378 7.850000
379 8.050000
380 7.900000
381 7.750000
382 7.850000
383 7.850000
384 7.850000
385 7.850000
386 7.600000
387 7.750000
388 7.750000
389 7.700000
390 7.850000
391 8.050000
392 7.750000
393 7.600000
394 7.800000
395 7.950000
396 8.000000
397 7.650000
398 8.000000
399 8.050000
400 7.850000
401 7.700000
402 7.950000
403 7.750000
404 7.650000
405 7.750000
406 7.950000
407 7.750000
408 7.600000
409 7.950000
410 7.900000
411 7.900000
412 7.950000
413 7.950000
414 8.000000
415 7.650000
416 7.950000
417 8.000000
418 7.700000
419 8.100000
420 7.850000
421 7.750000
422 8.050000
423 7.800000
424 7.800000
425 7.750000
426 7.900000
427 7.950000
428 7.600000
429 8.050000
430 7.950000
431 7.850000
432 7.750000
433 7.700000
434 8.200000
435 8.100000
436 8.000000
437 7.950000
438 7.950000
439 8.050000
440 7.900000
441 8.150000
442 7.900000
443 8.000000
444 8.000000
445 8.000000
446 8.100000
447 7.950000
448 7.900000
449 8.000000
450 7.800000
451 8.000000
452 7.850000
453 7.900000
454 8.150000
455 8.050000
456 8.000000
457 8.100000
458 7.900000
459 8.050000
460 8.100000
461 8.250000
462 8.000000
463 7.750000
464 8.000000
465 7.900000
466 8.050000
467 8.000000
468 8.350000
469 7.900000
470 8.050000
471 8.250000
472 7.950000
473 8.000000
474 8.250000
475 7.950000
476 8.250000
477 7.900000
478 8.100000
479 8.100000
480 8.100000
481 8.250000
482 8.100000
483 8.000000
484 7.950000
485 8.300000
486 8.000000
487 8.000000
488 8.100000
489 8.200000
490 8.200000
491 8.100000
492 7.950000
493 8.150000
494 7.900000
495 8.150000
496 8.350000
497 8.000000
498 8.050000
499 8.050000
500 8.250000
501 8.150000
502 8.200000
503 8.150000
504 8.100000
505 8.300000
506 8.150000
507 8.100000
508 8.250000
509 8.050000
510 7.900000
511 8.350000
512 8.050000
513 8.200000
514 8.050000
515 8.350000
516 8.150000
517 8.200000
518 8.250000
519 8.000000
520 8.300000
521 8.150000
522 8.050000
523 8.200000
524 8.350000
525 8.100000
526 8.200000
527 8.100000
528 8.200000
529 8.250000
530 8.250000
531 8.000000
532 8.150000
533 8.100000
534 8.200000
535 8.250000
536 8.050000
537 8.150000
538 8.150000
539 8.150000
540 8.200000
541 8.100000
542 8.200000
543 8.250000
544 8.350000
545 8.400000
546 8.150000
547 8.400000
548 8.350000
549 8.350000
550 8.200000
551 8.050000
552 8.250000
553 8.300000
554 8.350000
555 8.200000
556 8.350000
557 8.200000
558 8.200000
559 8.600000
560 8.450000
561 8.250000
562 8.200000
563 8.400000
564 8.400000
565 8.300000
566 8.000000
567 8.200000
568 8.500000
569 8.300000
570 8.250000
571 8.550000
572 8.150000
573 8.200000
574 8.450000
575 8.500000
576 8.200000
577 8.250000
578 8.400000
579 8.400000
580 8.350000
581 8.450000
582 8.400000
583 8.300000
584 8.150000
585 8.200000
586 8.150000
587 8.550000
588 8.350000
589 8.250000
590 8.200000
591 8.450000
592 8.250000
593 8.350000
594 8.250000
595 8.400000
596 8.150000
597 8.300000
598 8.400000
599 8.400000
600 8.350000
601 8.350000
602 8.300000
603 8.250000
604 8.250000
605 8.350000
606 8.250000
607 8.250000
608 8.300000
609 8.200000
610 8.300000
611 8.050000
612 8.400000
613 8.300000
614 8.400000
615 8.450000
616 8.250000
617 8.550000
618 8.100000
619 8.250000
620 8.600000
621 8.550000
622 8.400000
623 8.650000
624 8.350000
625 8.400000
626 8.350000
627 8.650000
628 8.250000
629 8.450000
630 8.600000
631 8.150000
632 8.350000
633 8.200000
634 8.500000
635 8.300000
636 8.450000
637 8.450000
638 8.400000
639 8.450000
640 8.500000
641 8.200000
642 8.450000
643 8.300000
644 8.450000
645 8.500000
646 8.350000
647 8.800000
648 8.300000
649 8.400000
650 8.550000
651 8.450000
652 8.550000
653 8.500000
654 8.450000
655 8.250000
656 8.450000
657 8.150000
658 8.500000
659 8.300000
660 8.600000
661 8.450000
662 8.550000
663 8.450000
664 8.500000
665 8.500000
666 8.350000
667 8.450000
668 8.500000
669 8.300000
670 8.450000
671 8.450000
672 8.450000
673 8.500000
674 8.400000
675 8.450000
676 8.550000
677 8.500000
678 8.350000
679 8.250000
680 8.600000
681 8.600000
682 8.350000
683 8.500000
684 8.400000
685 8.250000
686 8.650000
687 8.500000
688 8.400000
689 8.350000
690 8.450000
691 8.550000
692 8.500000
693 8.500000
694 8.700000
695 8.500000
696 8.400000
697 8.750000
698 8.450000
699 8.400000
700 8.300000
701 8.500000
702 8.450000
703 8.450000
704 8.400000
705 8.650000
706 8.450000
707 8.450000
708 8.500000
709 8.550000
710 8.700000
711 8.500000
712 8.450000
713 8.800000
714 8.600000
715 8.550000
716 8.450000
717 8.550000
718 8.600000
719 8.600000
720 8.550000
721 8.500000
722 8.500000
723 8.550000
724 8.550000
725 8.600000
726 8.550000
727 8.700000
728 8.450000
729 8.650000
730 8.700000
731 8.450000
732 8.500000
733 8.500000
734 8.450000
735 8.600000
736 8.550000
737 8.500000
738 8.550000
739 8.600000
740 8.700000
741 8.500000
742 8.600000
743 8.500000
744 8.550000
745 8.700000
746 8.400000
747 8.600000
748 8.350000
749 8.600000
750 8.300000
751 8.550000
752 8.450000
753 8.950000
754 8.650000
755 8.400000
756 8.800000
757 8.500000
758 8.500000
759 8.600000
760 8.450000
761 8.400000
762 8.750000
763 8.450000
764 8.700000
765 8.950000
766 8.150000
767 8.750000
768 9.000000
769 8.700000
770 8.600000
771 8.600000
772 8.550000
773 8.650000
774 8.550000
775 8.650000
776 8.550000
777 8.600000
778 8.650000
779 8.750000
780 8.600000
781 8.850000
782 8.450000
783 8.400000
784 8.750000
785 8.400000
786 8.750000
787 8.600000
788 8.500000
789 8.900000
790 8.400000
791 8.650000
792 8.700000
793 8.800000
794 8.750000
795 8.750000
796 8.500000
797 8.650000
798 8.450000
799 8.850000
800 8.750000
801 8.550000
802 8.700000
803 8.750000
804 9.000000
805 8.750000
806 8.600000
807 8.600000
808 8.850000
809 8.450000
810 8.700000
811 8.600000
812 8.500000
813 8.450000
814 8.700000
815 8.750000
816 8.550000
817 8.750000
818 8.650000
819 8.800000
820 8.700000
821 8.650000
822 8.800000
823 8.800000
824 8.750000
825 8.650000
826 8.650000
827 8.750000
828 8.500000
829 8.650000
830 8.800000
831 8.700000
832 8.900000
833 8.550000
834 8.700000
835 8.700000
836 8.650000
837 8.900000
838 8.650000
839 8.700000
840 8.500000
841 8.800000
842 8.750000
843 9.050000
844 8.850000
845 8.800000
846 8.700000
847 8.900000
848 8.750000
849 8.700000
850 8.950000
851 8.600000
852 8.500000
853 8.650000
854 8.700000
855 8.750000
856 8.750000
857 8.800000
858 8.750000
859 8.800000
860 8.700000
861 8.500000
862 8.600000
863 8.650000
864 8.800000
865 8.800000
866 8.800000
867 8.600000
868 8.600000
869 8.600000
870 8.750000
871 8.850000
872 8.800000
873 8.650000
874 8.750000
875 8.700000
876 8.700000
877 8.850000
878 8.600000
879 8.800000
880 8.650000
881 8.900000
882 8.950000
883 8.850000
884 8.900000
885 8.750000
886 8.900000
887 8.900000
888 8.900000
889 8.800000
890 8.600000
891 8.800000
892 9.000000
893 8.750000
894 8.850000
895 8.800000
896 8.650000
897 8.850000
898 8.800000
899 8.800000
900 8.800000
901 8.900000
902 8.900000
903 9.000000
904 8.850000
905 8.950000
906 8.650000
907 8.700000
908 8.900000
909 8.750000
910 8.900000
911 8.950000
912 8.850000
913 8.850000
914 9.000000
915 8.900000
916 8.850000
917 8.800000
918 8.850000
919 9.000000
920 9.000000
921 9.000000
922 8.600000
923 8.750000
924 9.100000
925 8.600000
926 8.950000
927 8.900000
928 8.800000
929 8.850000
930 8.950000
931 8.750000
932 9.200000
933 8.750000
934 8.800000
935 9.000000
936 8.800000
937 8.750000
938 8.850000
939 8.900000
940 8.950000
941 9.100000
942 8.850000
943 8.950000
944 9.050000
945 8.900000
946 9.150000
947 9.100000
948 8.850000
949 8.800000
950 8.750000
951 8.900000
952 8.850000
953 9.000000
954 8.900000
955 8.750000
956 9.150000
957 9.050000
958 9.050000
959 9.050000
960 8.900000
961 9.200000
962 8.800000
963 9.050000
964 8.800000
965 8.650000
966 8.900000
967 8.900000
968 8.850000
969 8.750000
970 9.050000
971 9.150000
972 8.900000
973 8.900000
974 8.700000
975 8.950000
976 8.950000
977 9.150000
978 8.900000
979 8.900000
980 8.850000
981 8.900000
982 8.950000
983 8.950000
984 8.850000
985 8.800000
986 9.200000
987 8.950000
988 8.900000
989 8.700000
990 9.100000
991 9.200000
992 8.700000
993 9.200000
994 9.100000
995 8.850000
996 9.000000
997 8.950000
998 8.800000
999 8.850000
