6 1.000000
7 1.980000
8 2.045000
9 2.225000
10 2.480000
11 2.710000
12 2.885000
13 2.985000
14 3.170000
15 3.205000
16 3.210000
17 3.385000
18 3.480000
19 3.575000
20 3.660000
21 3.710000
22 3.870000
23 3.870000
24 3.985000
25 4.040000
26 4.120000
27 4.160000
28 4.200000
29 4.315000
30 4.300000
31 4.400000
32 4.365000
33 4.330000
34 4.500000
35 4.520000
36 4.525000
37 4.570000
38 4.650000
39 4.650000
40 4.695000
41 4.800000
42 4.830000
43 4.835000
44 4.840000
45 4.890000
46 4.840000
47 4.955000
48 5.005000
49 5.035000
50 5.100000
51 5.065000
52 5.185000
53 5.160000
54 5.100000
55 5.205000
56 5.245000
57 5.290000
58 5.270000
59 5.255000
60 5.305000
61 5.290000
62 5.285000
63 5.380000
64 5.370000
65 5.320000
66 5.445000
67 5.460000
68 5.505000
69 5.500000
70 5.420000
71 5.525000
72 5.535000
73 5.600000
74 5.490000
75 5.575000
76 5.645000
77 5.585000
78 5.605000
79 5.680000
80 5.680000
81 5.835000
82 5.700000
83 5.705000
84 5.730000
85 5.825000
86 5.850000
87 5.835000
88 5.785000
89 5.890000
90 5.840000
91 5.855000
92 5.935000
93 5.905000
94 5.920000
95 5.880000
96 5.960000
97 5.910000
98 5.975000
99 6.040000
