0.891171 0.562688
0.225271 0.246523
0.654207 0.481846
0.903200 0.338346
0.325754 0.937951
0.839904 0.821462
0.020775 0.775325
0.785873 0.568276
0.745072 0.890804
0.262479 0.763498
0.076372 0.321646
0.723175 0.230571
0.755929 0.605014
0.029326 0.419454
0.113326 0.532305
0.751605 0.299331
0.146933 0.758480
0.193709 0.713770
0.217972 0.929295
0.471394 0.365840
0.666057 0.219607
0.426212 0.729878
0.053782 0.064811
0.135428 0.840625
0.272879 0.027500
0.328384 0.003364
0.061099 0.397881
0.098556 0.111219
0.133056 0.757479
0.779578 0.062549
0.782094 0.303671
0.564929 0.114192
0.802014 0.384656
0.022635 0.559682
0.680569 0.899546
0.705021 0.886974
0.687338 0.350695
0.187187 0.792142
0.879495 0.141739
0.978639 0.637913
0.794887 0.929847
0.501305 0.334427
0.721141 0.485626
0.135397 0.364408
0.454657 0.840723
0.987952 0.493389
0.579332 0.099139
0.171099 0.298985
0.949014 0.384692
0.036317 0.163220
0.528233 0.556833
0.160629 0.788492
0.558716 0.735022
0.458827 0.713432
0.380979 0.295945
0.020970 0.167899
0.207257 0.764116
0.652446 0.669128
0.152852 0.057585
0.828994 0.292711
0.042451 0.498333
0.208794 0.434845
0.873001 0.085723
0.697870 0.650142
0.633355 0.706895
0.325853 0.595212
0.279481 0.455310
0.617585 0.183134
0.590229 0.453519
0.924685 0.486161
0.282840 0.702390
0.588610 0.022431
0.160015 0.736200
0.759152 0.373706
0.069274 0.764726
0.266720 0.460760
0.781841 0.111444
0.763714 0.930283
0.882608 0.195616
0.712802 0.801736
0.145158 0.569200
0.393435 0.228579
0.435651 0.111267
0.833780 0.611884
0.167072 0.910965
0.381243 0.492487
0.798567 0.906726
0.494388 0.065467
0.461092 0.627756
0.849517 0.734643
0.639027 0.706658
0.764230 0.406147
0.487809 0.040439
0.163723 0.231733
0.136022 0.750987
0.882323 0.964815
0.930143 0.448376
0.673471 0.511653
0.772275 0.998530
0.280632 0.970046
