20080701015440 -58.0999 -21.8999
20080703063458 10.47 -59.6499
20080705021202 53.922 152.898
20080706010019 46.539 150.284
20080706090824 45.2896 151.1091
20080708074214 28.242 127.17
20080708091306 -16.5659 -72.2599
20080709195842 -23.0999 -70.0999
20080711213513 22.51 122.7
20080713145837 21.625 121.855
20080714044454 2.227 96.55
20080715032634 36.0451 27.7244
20080717225158 44.098 -126.9019
20080719023934 38.7 142.66
20080719024729 37.5605 142.43
20080719092705 -11.0966 164.4823
20080719093430 -11.126 164.5715
20080719110120 -10.9189 164.442
20080719111529 -10.5699 164.45
20080721113035 37.384 141.359
20080723152619 39.8122 141.5651
20080723195442 32.72 105.63
20080724014319 50.9658 157.5397
20080724070929 32.15 105.74
20080725002929 51.784 177.393
20080727211540 -.0899 -18.5099
20080728213741 -9.9299 163.25
20080728214051 -10.4969 163.087
20080729184216 34.011 -118.7489
20080801083255 32.779 101.694
20080804204515 -5.8354 130.2743
20080805094945 35.082 99.736
20080806220311 -14.0999 -72.8999
20080806224103 -8.131 117.665
20080807182953 51.489 -176.4089
20080807183010 52.871 -174.7649
20080807225834 -9.0999 -109.4999
20080808063742 -4.0504 100.9589
20080809060149 -60.568 153.765
20080809163643 -60.8999 153.18
20080810082050 13.919 89.273
20080810122107 10.77 91.61
20080810124405 -10.1299 166.29
20080811233837 -1.8499 -21.0399
20080813013247 -13.3999 -111.2999
20080813183052 83.6 114.5
20080815102527 14.3 124.82
20080816040114 51.978 97.645
20080819105759 -28.1999 -113.4699
20080819163018 -14.4269 -173.4849
20080821122436 26.192 97.649
20080822074741 -17.8434 65.4242
20080825023943 21.1679 121.2687
20080825024308 10.2919 125.3033
20080825112518 -39.6869 176.45
20080825132921 30.6493 83.4098
20080825133939 30.9318 83.4605
20080827013532 51.607 104.158
20080827064619 -10.7509 41.469
20080827215238 32.308 47.35
20080828123735 50.165 -129.6279
20080828152229 .841 -17.7549
20080830065405 -6.1157 147.2704
20080830083119 28.823 96.814
20080830124646 42.65 83.95
20080831083118 26.436 101.469
20080901070616 -15.261 -176.413
20080904160951 -31.555 -177.806
20080905190738 -1.171 -13.955
20080908030315 -19.964 169.108
20080909122249 -9.272 158.261
20080910110034 26.743 55.828
20080910130814 8.09 -38.748
20080911002050 41.892 143.754
20080912230751 56.352 164.054
20080914000009 -8.728 126.855
20080918014103 -4.554 -105.999
20080918115847 51.94 158.363
20080924023305 17.612 -105.497
20080925014712 30.826 83.463
20080927030904 13.484 120.541
20080929151931 -29.756 -177.683
20081002232809 -23.019 169.861
20081005091236 -30.184 -177.176
20081005155249 39.533 73.824
20081005225629 33.939 69.506
20081006083045 29.761 90.32
20081007100048 79.817 -115.448
20081009174958 -21.03 -174.42
20081011090610 43.372 46.254
20081011104014 19.161 -64.833
20081016194125 14.423 -92.364
20081019051033 -21.863 -173.819
20081023100435 -2.635 145.574
20081028160003 -3.494 145.867
20081028230957 30.639 67.351
20081029113243 30.598 67.455
20081030151541 -9.02 -108.246
20081101011309 -3.399 148.712
20081102134842 51.552 -174.366
20081102150055 -29.924 -176.956
20081103192158 1.145 97.253
20081106091105 -29.855 -177.441
20081107071935 -14.829 168.032
20081107160423 -6.712 129.074
20081110012202 37.565 95.833
20081114020509 -53.794 8.727
20081116170232 1.271 122.091
20081119061120 8.267 -82.967
20081122184942 -1.23 -13.933
20081128085048 -4.745 101.739
20081128134218 40.348 -126.978
20081203231654 38.589 142.878
20081208183909 -53.004 106.824
20081209062400 -31.09 -176.97
20081209225237 30.442 67.404
20081213084536 -48.981 123.398
20081218211928 -32.458 -71.726
20081218215028 -32.473 -72.051
20081219083151 47.006 -27.29
20081220102923 36.541 142.425
20081220210516 -31.193 -13.338
20081221091644 36.541 142.317
20081223111518 -6.366 154.943
20081224091134 -17.29 -171.909
20081225081158 49.128 -128.621
20081225224023 23.417 64.499
20081230194952 -4.297 101.217
