0.66786301 0
0.66786301 0
>
0.87743229 0
0.86525255 0.050682839
>
1 0.28299648
1 0.28299648
>
1 0.74497354
1 0.74497354
>
0.71517211 1
0.71517211 1
>
0.25404191 1
0.25404191 1
>
0 0.57618171
0 0.57618171
>
0 0.11931958
0 0.11931958
>
0.26636153 0
0.26636153 0
>
0.27478412 1
0.27478412 1
>
0.031415142 0.90234697
0.022871725 1
>
0.80098081 0.90154696
0.82062006 1
>
0.60841298 0.93543923
0.62389392 1
>
0.40721375 1
0.40721375 1
>
0.18167213 1
0.18167213 1
>
1 0.13912092
1 0.13912092
>
1 0.41161132
1 0.41161132
>
0 0.70815992
0 0.70815992
>
0 0.3697153
0 0.3697153
>
0.3054674 0.92091966
0.27616155 1
>
0.16608346 0.96539807
0.16610043 1
>
0.46859953 0.95949668
0.45374739 1
>
0.3709757 1
0.3709757 1
>
1 0.36921817
1 0.36921817
>
0.94808227 0.52606487
1 0.51179707
>
0.39573151 0.89162886
0.37504855 1
>
0.32873806 0.92176604
0.35898003 1
>
0.17253011 0.90608549
0.16608344 0.96539807
>
0.03141515 0.90234697
0.16608343 0.96539813
>
0 0.84195954
0.010068846 0.84757024
>
0 0.65813375
0 0.65813375
>
0.60841304 0.93543923
0.73341781 0.88001192
>
0.58552372 0.89933342
0.60841298 0.93543923
>
0.19858295 0.87099808
0.17253011 0.90608549
>
0.097840428 0.85824084
0.17253016 0.90608549
>
0.62582433 0.81577832
0.58552361 0.89933342
>
0.53633142 0.88795322
0.58552366 0.89933336
>
1 0.71036839
1 0.71036839
>
0.82974339 0.8310805
1 0.79070753
>
0.53633136 0.88795328
0.46859944 0.95949668
>
0.39573148 0.89162886
0.46859944 0.95949668
>
0.82974321 0.8310805
0.80098069 0.90154696
>
0.73341781 0.88001192
0.80098075 0.9015469
>
0.45291811 0.81879365
0.53633142 0.88795322
>
0.19858298 0.87099808
0.21085882 0.86470568
>
0.14015415 0.73853672
0.19858301 0.87099808
>
0.21085882 0.86470568
0.23988503 0.86445636
>
0.25155807 0.76272154
0.21085882 0.86470568
>
0.39278066 0.862288
0.39573151 0.89162886
>
0.94808233 0.52606481
1 0.62865549
>
0.94998854 0.68376505
1 0.71314806
>
0.30546749 0.9209196
0.32873797 0.92176604
>
0.27937371 0.8752197
0.30546755 0.92091966
>
0.39278078 0.862288
0.44207048 0.82220805
>
0.38955384 0.86224318
0.39278078 0.86228794
>
0.32873797 0.92176604
0.38955384 0.86224318
>
0.36876363 0.856987
0.38955384 0.86224318
>
0.23988503 0.86445636
0.27937379 0.87521976
>
0.23988503 0.86445642
0.30137411 0.81149006
>
0.010068953 0.84757024
0.031415164 0.90234697
>
0.68860948 0.79913002
0.73341781 0.88001192
>
0.27937379 0.87521976
0.36876363 0.85698712
>
0.31996083 0.80470705
0.36876357 0.856987
>
0.010068846 0.84757024
0.097840428 0.85824084
>
0.44207048 0.82220811
0.45291811 0.81879365
>
0.323621 0.72780871
0.44207048 0.82220811
>
0.4792622 0.75004578
0.45291808 0.81879365
>
0.76809788 0.74502158
0.82974333 0.8310805
>
0.096994802 0.72780937
0.097840428 0.85824084
>
0.62582421 0.81577837
0.6886096 0.79913002
>
0.62101793 0.80648106
0.62582421 0.81577832
>
0.65202343 0.69433951
0.62101793 0.80648106
>
0.59758091 0.77895492
0.62101793 0.80648106
>
0.73014385 0.75618595
0.68860954 0.79913002
>
0.47926226 0.75004578
0.53994334 0.72874361
>
0.44851208 0.70126021
0.47926223 0.75004578
>
0.32362103 0.72780877
0.31996074 0.80470705
>
0.30137411 0.81149018
0.31996074 0.80470705
>
0.78988159 0.6926291
0.76809776 0.74502158
>
0.7301439 0.75618601
0.76809782 0.74502152
>
0.25155804 0.76272154
0.30137411 0.81149018
>
0.65202355 0.69433951
0.7301439 0.75618595
>
0 0.6690985
0.096995056 0.72780943
>
0 0.64922935
0.058926865 0.61255497
>
0.64082015 0.67715901
0.59758103 0.77895492
>
0.53994334 0.72874343
0.59758103 0.77895498
>
0.27023613 0.67895079
0.25155807 0.76272154
>
0.096995056 0.72780943
0.14015409 0.73853672
>
0.14015409 0.73853672
0.27023607 0.67895079
>
0.60236484 0.62380463
0.5399434 0.72874343
>
0.28925478 0.66219312
0.32362103 0.72780877
>
0.8947472 0.57569557
0.94998848 0.68376499
>
0.78988147 0.69262916
0.94998854 0.68376505
>
0.28590333 0.66146994
0.27023607 0.67895079
>
0.28590345 0.66146994
0.28925478 0.662193
>
0.23799828 0.58849257
0.28590345 0.66146994
>
0.28925478 0.66219306
0.29339114 0.6611414
>
0.29339114 0.66114128
0.40895271 0.66919249
>
0.39018524 0.55483419
0.29339117 0.66114128
>
0.78366119 0.67651004
0.78988147 0.6926291
>
0.55828333 0.57321626
0.44851214 0.70126021
>
0.40895271 0.66919255
0.44851211 0.70126021
>
0.78350955 0.67458522
0.78366119 0.67651004
>
0.62637407 0.64766532
0.78366125 0.67651004
>
0.82038081 0.61655259
0.78350949 0.67458522
>
0.75341314 0.61610323
0.78350949 0.67458522
>
0.64082015 0.67715901
0.65202355 0.69433951
>
0.45313144 0.5943805
0.40895277 0.66919243
>
0.62637407 0.64766532
0.64082015 0.67715901
>
0.60908687 0.62874168
0.62637407 0.64766532
>
0.60236484 0.62380463
0.60265398 0.623932
>
0.5722869 0.57427746
0.60236484 0.62380463
>
0.60265398 0.623932
0.60908687 0.62874174
>
0.60265398 0.623932
0.68917358 0.58288312
>
0.60908687 0.62874168
0.7534132 0.61610323
>
0.058926865 0.61255497
0.12616622 0.57884216
>
0.063415006 0.37853017
0.058926865 0.61255497
>
0.2849606 0.48676378
0.23799828 0.58849257
>
0.18365717 0.57566321
0.23799825 0.58849257
>
0.87072074 0.28962827
1 0.30040243
>
0.88891721 0.40310016
1 0.38139245
>
0.5722869 0.57427746
0.68966961 0.50379431
>
0.56989491 0.57254064
0.5722869 0.57427746
>
0.56849539 0.5214898
0.56989491 0.5725407
>
0.55828327 0.57321632
0.56989491 0.5725407
>
0.54737282 0.5716958
0.55828327 0.57321626
>
0.12616622 0.57884216
0.18365717 0.57566327
>
0.091793053 0.40914214
0.12616622 0.57884216
>
0.16930594 0.44228226
0.18365718 0.57566327
>
0.47516266 0.48768923
0.54737288 0.57169574
>
0.50729805 0.57256907
0.54737282 0.5716958
>
0.75233608 0.60225558
0.75341326 0.61610323
>
0.82038081 0.61655259
0.89474714 0.57569563
>
0.80058068 0.55175447
0.82038081 0.61655259
>
0.42975295 0.50766861
0.50729805 0.57256907
>
0.45313147 0.5943805
0.50729805 0.57256907
>
0.80058086 0.55175447
0.75233608 0.60225558
>
0.73145127 0.57774162
0.75233608 0.60225558
>
0.39018524 0.55483413
0.45313147 0.5943805
>
0.89164048 0.54663104
0.89474714 0.57569557
>
0 0.38105696
0.061189223 0.37567779
>
0 0.25799784
0.066796757 0.20464386
>
0.9014833 0.53182709
0.89164048 0.54663104
>
0.80811036 0.53333551
0.89164054 0.54663104
>
0.72585148 0.49843925
0.73145121 0.57774162
>
0.68917358 0.58288312
0.73145121 0.57774162
>
0.7054956 0.50270033
0.68917358 0.58288318
>
0.90148336 0.53182709
0.94808227 0.52606475
>
0.88891715 0.40310013
0.90148336 0.53182709
>
0.64159453 0.44378266
0.56849545 0.5214898
>
0.54303515 0.44856027
0.56849545 0.5214898
>
0.39094788 0.51735818
0.39018524 0.55483419
>
0.80811036 0.53333551
0.80058086 0.55175447
>
0.75979531 0.47295171
0.80811036 0.53333551
>
0.39094794 0.51735812
0.42975295 0.50766867
>
0.34112513 0.47067195
0.39094794 0.51735812
>
0.28496057 0.48676378
0.31732029 0.47590357
>
0.26808575 0.46539786
0.28496054 0.48676378
>
0.72585154 0.49843931
0.75979525 0.47295171
>
0.70549566 0.50270033
0.72585154 0.49843931
>
0.68966961 0.50379425
0.70549566 0.50270033
>
0.64159447 0.44378266
0.68966961 0.50379425
>
0.77755624 0.3991186
0.75979525 0.47295171
>
0.31732029 0.47590354
0.34112513 0.47067189
>
0.30007723 0.37153828
0.31732029 0.47590357
>
0.45133907 0.47624025
0.42975295 0.50766861
>
0.36835629 0.42975199
0.34112513 0.47067192
>
0.26322052 0.40287906
0.26808575 0.46539786
>
0.19717163 0.43668339
0.26808575 0.46539783
>
0.45133916 0.47624022
0.47516271 0.48768923
>
0.45357099 0.40996107
0.45133919 0.47624025
>
0.77755618 0.3991186
0.85759097 0.3899191
>
0.72581398 0.35201088
0.77755618 0.39911863
>
0.53845489 0.42674679
0.54303515 0.44856027
>
0.47516271 0.48768923
0.54303515 0.44856036
>
0.091793068 0.40914214
0.16930592 0.44228226
>
0.06341511 0.37853017
0.09179306 0.40914214
>
0.85759097 0.38991916
0.88891721 0.40310016
>
0.061189249 0.37567782
0.063415095 0.37853017
>
0.061467439 0.37537095
0.061189204 0.37567782
>
0.061467491 0.37537092
0.21235073 0.38384223
>
0.091371343 0.33420655
0.061467469 0.37537095
>
0.53845483 0.42674679
0.6439631 0.39235288
>
0.4865908 0.3790006
0.53845483 0.42674679
>
0.36835635 0.42975199
0.45357096 0.40996104
>
0.33223435 0.32579029
0.36835635 0.42975199
>
0.87072074 0.28962824
0.85759091 0.3899191
>
0.16930592 0.44228226
0.19717163 0.43668336
>
0.6439631 0.39235288
0.64159453 0.44378266
>
0.45357096 0.40996104
0.4865908 0.37900066
>
0.21235073 0.38384226
0.19717161 0.43668339
>
0.48631537 0.34188199
0.48659077 0.3790006
>
0.83521062 0.19015971
0.72581404 0.35201085
>
0.68597436 0.33965716
0.72581398 0.35201085
>
0.6859743 0.33965716
0.6439631 0.39235288
>
0.63135278 0.26959908
0.6859743 0.33965716
>
0.48631537 0.34188199
0.63135278 0.26959908
>
0.44112366 0.29603118
0.48631537 0.34188199
>
0.26322052 0.40287906
0.30007717 0.37153828
>
0.25246158 0.39246792
0.26322052 0.40287906
>
0.091371343 0.33420655
0.10851542 0.32562536
>
0.06679675 0.20464385
0.091371343 0.33420655
>
0.27137423 0.34778926
0.25246158 0.39246792
>
0.22238919 0.37280542
0.25246158 0.39246792
>
0.22238922 0.37280545
0.21235073 0.38384226
>
0.10851542 0.32562539
0.21876289 0.35274673
>
0.10851542 0.32562539
0.16607796 0.27383339
>
0.22166942 0.35892522
0.22238919 0.37280545
>
0.33223438 0.32579029
0.30007717 0.37153828
>
0.33248645 0.31704789
0.33223438 0.32579029
>
0.33350527 0.31294402
0.33248645 0.31704789
>
0.27137423 0.34778926
0.33248645 0.31704786
>
0.3335053 0.31294399
0.44112369 0.29603118
>
0.30328962 0.27667162
0.3335053 0.31294402
>
0.22166944 0.35892525
0.27137423 0.34778923
>
0.2187629 0.35274673
0.22166944 0.35892522
>
0.23111218 0.30583644
0.2187629 0.35274673
>
0.44440776 0.25748244
0.44112372 0.29603118
>
0.63104272 0.25788775
0.63135284 0.26959908
>
0.63104272 0.25788775
0.77832693 0.15118533
>
0.59341961 0.19355039
0.63104272 0.25788775
>
0.3021524 0.27120745
0.30328965 0.27667162
>
0.2311122 0.30583644
0.30328965 0.27667159
>
0.32144925 0.17608197
0.30215234 0.27120745
>
0.24410839 0.24369878
0.30215237 0.27120748
>
0.16607796 0.27383333
0.2311122 0.30583644
>
0.85422778 0.1930628
0.87072074 0.28962824
>
0.16654022 0.27226016
0.16607797 0.27383333
>
0.47309202 0.22717492
0.4444077 0.25748244
>
0.4285652 0.23554841
0.44440773 0.25748244
>
0.16654024 0.27226016
0.22065163 0.2380698
>
0.14844078 0.18695575
0.16654024 0.27226016
>
0.86525255 0.050682873
1 0.13222513
>
0.85422772 0.19306278
1 0.14130539
>
0.83521056 0.19015971
0.85422772 0.19306278
>
0.77832693 0.15118536
0.83521056 0.19015971
>
0.44384766 0.15975223
0.42856526 0.23554841
>
0.38777757 0.19427922
0.42856523 0.23554841
>
0.58197153 0.12090819
0.59341967 0.19355039
>
0.47309205 0.22717494
0.59341967 0.19355041
>
0.47535783 0.13004397
0.47309205 0.22717492
>
0.24338549 0.069524415
0.24410841 0.24369879
>
0.22065163 0.23806977
0.24410839 0.24369879
>
0.19938451 0.14006908
0.22065163 0.23806977
>
0.067850888 0.1892537
0.066796757 0.20464385
>
0.067850865 0.1892537
0.14844082 0.18695575
>
0.056256041 0.17568582
0.067850858 0.1892537
>
0.32144928 0.17608196
0.3877776 0.19427924
>
0.26285347 0.040625133
0.32144931 0.17608197
>
0.77811569 0.15067352
0.77832693 0.15118532
>
0.81281817 0.047338925
0.77811569 0.15067352
>
0.72211987 0.10704663
0.77811563 0.15067348
>
0.21189152 0.012464343
0.056256086 0.17568582
>
0 0.13645634
0.056256063 0.17568584
>
0.14844082 0.18695575
0.19938442 0.14006907
>
0.40318525 0.17669426
0.38777763 0.19427922
>
0 0.096983671
0.2118915 0.012464352
>
0.58197141 0.1209082
0.62428629 0.1076301
>
0.55755854 0.097513109
0.58197141 0.12090817
>
0.24338567 0.069524415
0.19938439 0.14006908
>
0.26285347 0.040625129
0.29719105 0.053589176
>
0.26087677 0.038415473
0.26285347 0.040625133
>
0.24995011 0
0.2608768 0.038415473
>
0.2608768 0.038415473
0.24338567 0.069524415
>
0.40318522 0.17669427
0.44384772 0.15975223
>
0.41138631 0.140468
0.40318522 0.17669426
>
0.57137412 0
0.55755854 0.097513087
>
0.50152463 0.099716455
0.55755854 0.097513087
>
0.29719105 0.053589165
0.41138628 0.14046797
>
0.29719105 0.05358915
0.49475917 0.1029367
>
0.4947592 0.10293671
0.47535783 0.13004397
>
0.47360393 0.13099039
0.4753578 0.13004398
>
0.41138628 0.14046799
0.47360393 0.13099042
>
0.44384772 0.15975222
0.47360393 0.13099042
>
0.24749923 0
0.24749923 0
>
0.2118915 0.012464352
0.23496766 0
>
0.49475917 0.10293673
0.50152463 0.099716425
>
0.46452236 0.031714384
0.50152463 0.099716447
>
0.62428629 0.10763015
0.72211987 0.10704666
>
0.68858606 0
0.62428623 0.10763015
>
0.71520168 0
0.72211987 0.10704666
>
0.43111062 0
0.46452236 0.03171438
>
0.81281817 0.047338925
0.86525255 0.050682839
>
0.79428846 0
0.81281811 0.047338925
>
0.49423671 0
0.46452236 0.031714384
>
0.70683759 0
0.70683759 0
>
0.74649 0
0.74649 0
>
0.56429464 0
0.56429464 0
>
