0.347233 0.929388
0.120253 0.237781
0.623947 0.735997
0.518632 0.249855
0.250496 0.212652
0.321515 0.903112
0.396686 0.149413
0.146068 0.485316
0.679163 0.155980
0.450778 0.918975
0.889187 0.023192
0.857325 0.750250
0.505176 0.667687
0.678583 0.058629
0.050153 0.925802
0.156258 0.669604
0.975043 0.564342
0.431084 0.179552
0.486751 0.471964
0.258306 0.365120
0.320179 0.939846
0.344928 0.545754
0.701790 0.560990
0.349113 0.793949
0.229753 0.408789
0.091172 0.112808
0.473034 0.640133
0.447942 0.182951
0.550969 0.798134
0.470123 0.506562
0.920874 0.278613
0.641701 0.036595
0.416085 0.123914
0.435775 0.547603
0.281975 0.925688
0.197107 0.323198
0.403456 0.599045
0.654712 0.744504
0.742871 0.243918
0.202871 0.771364
0.008889 0.922192
0.201166 0.479388
0.603979 0.447348
0.122111 0.806988
0.050724 0.500035
0.117403 0.137819
0.686120 0.557800
0.393782 0.737900
0.029187 0.255054
0.579250 0.371487
0.842077 0.490086
0.494578 0.485541
0.850552 0.627915
0.426915 0.944596
0.372543 0.237410
0.709986 0.638988
0.640332 0.481545
0.758464 0.556988
0.852002 0.084639
0.071438 0.500433
0.435189 0.047430
0.185870 0.368876
0.224122 0.268301
0.856423 0.015318
0.393831 0.372863
0.686233 0.863375
0.478688 0.001602
0.184362 0.395750
0.307225 0.833051
0.072907 0.807307
0.500277 0.184172
0.610190 0.730154
0.493649 0.015620
0.951696 0.479386
0.714067 0.926151
0.297199 0.403541
0.678723 0.450791
0.416296 0.469591
0.280917 0.802510
0.420801 0.154872
0.706670 0.601114
0.797277 0.594067
0.237463 0.212706
0.744337 0.831186
0.819755 0.295884
0.291962 0.791229
0.009322 0.230183
0.826971 0.584993
0.313096 0.400914
0.252161 0.337691
0.890682 0.890920
0.194839 0.221956
0.061429 0.901717
0.055251 0.022754
0.918359 0.308793
0.759063 0.053428
0.268028 0.369235
0.962958 0.570458
0.701466 0.685447
0.510036 0.975075
