0.575265 0.144686
0.507242 0.592648
0.814059 0.318300
0.122979 0.961603
0.146121 0.953049
0.849464 0.531582
0.846924 0.274206
0.441720 0.640381
0.376173 0.670941
0.693657 0.724671
0.807423 0.199799
0.206090 0.938182
0.212123 0.664321
0.936756 0.808024
0.614497 0.260651
0.589862 0.319765
0.096146 0.039466
0.206004 0.856380
0.964757 0.113416
0.137883 0.350170
0.032990 0.203023
0.979718 0.664988
0.825208 0.315016
0.043496 0.877885
0.077227 0.966326
0.119045 0.066512
0.372158 0.379538
0.078346 0.151409
0.608734 0.925005
0.491847 0.658406
0.176958 0.334695
0.070954 0.938124
0.399659 0.440061
0.769305 0.375803
0.001612 0.887602
0.031135 0.008735
0.383790 0.989722
0.975993 0.743993
0.960202 0.871992
0.503182 0.832676
0.258133 0.965849
0.715038 0.727814
0.937589 0.516254
0.586281 0.110206
0.848625 0.774210
0.842495 0.578607
0.512638 0.516772
0.008055 0.412666
0.934598 0.669005
0.413753 0.472166
0.666246 0.495333
0.601668 0.371145
0.082962 0.297784
0.342579 0.420691
0.882017 0.564076
0.478992 0.632951
0.228153 0.065752
0.222914 0.905173
0.449225 0.977141
0.315442 0.852138
0.690948 0.633044
0.226025 0.961399
0.228528 0.010614
0.212627 0.800032
0.346743 0.694983
0.598862 0.896764
0.496082 0.726133
0.712806 0.011931
0.764806 0.769323
0.760832 0.309346
0.716499 0.988461
0.965450 0.738700
0.413862 0.245527
0.217445 0.551831
0.430659 0.321168
0.276315 0.588047
0.440267 0.356248
0.207442 0.414900
0.086493 0.852356
0.655189 0.750977
0.628124 0.827175
0.958677 0.179636
0.457085 0.545622
0.061139 0.001982
0.248607 0.264442
0.495717 0.943007
0.425565 0.462573
0.798095 0.040025
0.115176 0.882326
0.241371 0.378813
0.173146 0.668870
0.464749 0.297036
0.909994 0.409161
0.842209 0.457898
0.677770 0.881436
0.246350 0.250449
0.722732 0.305628
0.541755 0.821521
0.754273 0.493747
0.125856 0.580934
