3.8779 -0.0012269 1
4.1125 -0.000131726 1
4.5097 -0.000450134 1
4.9063 -0.000427961 1
5.1345 -0.000422716 1
5.324 -0.00045681 1
5.525 -0.000543594 1
5.6957 -0.000348091 1
5.8186 -0.000682831 1
5.959 0.000999451 1
6.986 0.00229001 1
7.2026 0.00129843 1
8.1251 0.00311279 1
8.3904 0.000133276 1
8.6723 0.00131989 1
9.0142 -4.60148e-05 1
9.3983 0.000734806 1
9.7925 0.00117636 1
10.2237 -0.000632524 1
10.7366 0.000240088 1
11.3349 0.00143504 1
11.983 -0.0011704 1
12.64 -0.000433207 1
13.2797 0.00265431 1
13.8944 0.00240159 1
14.4985 -0.00108695 1
15.1199 -0.00409245 1
15.7902 -0.00301766 1
16.5342 0.00222206 1
17.362 0.00956559 1
18.2695 0.0143783 1
19.2608 -0.0758059 1
