   0     3.5000     4.1418       1.1430       1.7825       0.0463       0.0000    9.490
   1     3.7292     4.1854       1.1390       1.7931       0.0818       0.3956    9.229
   2     3.9733     4.2520       1.1331       1.8097       0.1205       0.2444    9.642
   3     4.2335     4.3587       1.1243       1.8374       0.1477       0.4022   11.486
   4     4.5107     4.5424       1.1112       1.8884       0.1558       0.3309   74.363
   5     4.8061     4.8246       1.0952       1.9754       0.1536       0.1262   24.988
   6     5.1208     5.1141       1.0810       2.0766       0.1491       0.4123   21.168
   7     5.4560     5.3506       1.0729       2.1696       0.1363       1.6461   20.685
   8     5.8133     5.5610       1.0739       2.2606       0.1111       3.1852   13.880
   9     6.1939     5.8336       1.0950       2.3884       0.0801       4.1967    7.992
  10     6.5995     6.4981       1.2483       2.7283       0.0670       5.9125   50.397
  11     7.0316     7.3643       1.6846       3.0920       0.0566       9.8666    8.039
  12     7.4920     7.6160       1.8808       3.1724       0.0652      -5.5118  478.566
  13     7.9826     8.0059       2.1377       3.2702       0.0672      -3.4462  111.848
  14     8.5053     8.7486       2.5306       3.4009       0.0710       2.2425  306.844
  15     9.0622     9.2665       2.8137       3.4591       0.0796      -9.1822  325.484
  16     9.6555     9.7429       2.9861       3.4954       0.0826      -5.8751 1090.581
  17    10.2878    10.3092       3.1272       3.5266       0.0807      -2.9013 2268.953
  18    10.9614    10.9509       3.2474       3.5517       0.0764      -1.7391 2849.739
  19    11.6791    11.6489       3.3506       3.5705       0.0714      -0.8183 8470.440
  20    12.4438    12.3956       3.4450       3.5835       0.0661      -0.3059 2247.205
  21    13.2586    13.1881       3.5356       3.5907       0.0608      -0.8274  342.066
  22    14.1267    14.0207       3.6158       3.5925       0.0555      -2.5794  113.692
  23    15.0517    14.8808       3.6659       3.5899       0.0499      -5.3263   39.043
  24    16.0373    15.7502       3.6610       3.5852       0.0438     -16.3555   19.314
  25    17.0873    16.6040       3.5854       3.5821       0.0370     -18.0242  125.207
  26    18.2062    17.4075       3.4539       3.5839       0.0291      -2.9348  117.629
  27    19.3983    18.1268       3.3333       3.5917       0.0206      62.4802  112.731
  28    20.6684    18.7922       3.3553       3.6026       0.0125     115.0605  109.125
  29    22.0217    19.5759       3.6514       3.6096       0.0064      31.1991    5.990
  30    23.4637    20.6129       4.1372       3.5984       0.0029     -48.5763    3.270
  31    25.0000    21.7999       4.4446       3.5650       0.0012       0.0000    6.908
