4.5097 -0.00712156 1
4.9063 -0.00885963 1
5.1345 -0.00672221 1
5.324 -0.00474 1
5.525 -0.0013299 1
5.6957 0.00384998 1
5.8186 0.0122321 1
5.959 0.0226562 1
6.986 0.0555403 1
7.2026 0.0464945 1
8.1251 0.0592232 1
8.3904 0.053936 1
8.6723 0.0413275 1
9.0142 0.0347528 1
9.3983 0.0282574 1
9.7925 0.0234673 1
10.2237 0.0190108 1
10.7366 0.0151823 1
11.3349 0.0129573 1
11.983 0.0130835 1
12.64 0.0142796 1
13.2797 0.0147021 1
13.8944 0.0138731 1
14.4985 0.0112443 1
15.1199 0.00619245 1
15.7902 -0.00135493 1
16.5342 -0.0133533 1
17.362 -0.0317979 1
18.2695 -0.0592377 1
19.2608 -0.0878856 1
