0.000000 0.000263 0.000139
10.000000 0.000335 0.000215
20.000000 0.000467 0.000130
30.000000 0.000504 0.000093
40.000000 0.000509 0.000098
50.000000 0.000500 0.000094
60.000000 0.000529 0.000089
70.000000 0.000533 0.000086
80.000000 0.000517 0.000082
90.000000 0.000506 0.000079
100.000000 0.000508 0.000070
110.000000 0.000552 0.000087
120.000000 0.000649 0.000155
130.000000 0.000697 0.000215
140.000000 0.000738 0.000222
150.000000 0.000810 0.000404
160.000000 0.000842 0.000493
170.000000 0.000679 0.000360
180.000000 0.000562 0.000228
190.000000 0.000520 0.000307
200.000000 0.000501 0.001113
210.000000 0.000495 0.011638
330.000000 0.000309 0.003459
340.000000 0.000292 0.000436
350.000000 0.000274 0.000149
