-42.667942 0.000044 0.000122
-42.497269 0.000067 0.000128
-42.326595 0.000100 0.000133
-42.155926 0.000144 0.000139
-41.985252 0.000202 0.000145
-41.814583 0.000278 0.000151
-41.643909 0.000373 0.000158
-41.473236 0.000487 0.000164
-41.302567 0.000623 0.000171
-41.131893 0.000778 0.000179
-40.961224 0.000956 0.000186
-40.790550 0.001163 0.000194
-40.619881 0.001413 0.000202
-40.449207 0.001727 0.000211
-40.278534 0.002119 0.000219
-40.107864 0.002577 0.000228
-39.937191 0.003041 0.000238
-39.766521 0.003409 0.000248
-39.595848 0.003570 0.000258
-39.425179 0.003460 0.000268
-39.254505 0.003098 0.000279
-39.083832 0.002579 0.000290
-38.913162 0.002026 0.000302
-38.742489 0.001536 0.000314
-38.571819 0.001154 0.000326
-38.401146 0.000879 0.000339
-38.230476 0.000692 0.000353
-38.059803 0.000566 0.000366
-37.889130 0.000485 0.000381
-37.718460 0.000438 0.000396
-37.547787 0.000416 0.000411
-37.377117 0.000417 0.000427
-37.206444 0.000435 0.000443
-37.035770 0.000464 0.000460
-36.865101 0.000502 0.000477
-36.694427 0.000543 0.000496
-36.523758 0.000585 0.000514
-36.353085 0.000624 0.000533
-36.182415 0.000657 0.000553
-36.011742 0.000683 0.000574
-35.841068 0.000701 0.000595
-35.670399 0.000709 0.000617
-35.499725 0.000709 0.000640
-35.329056 0.000700 0.000663
-35.158382 0.000686 0.000687
-34.987713 0.000668 0.000712
-34.817039 0.000650 0.000737
-34.646366 0.000637 0.000764
-34.475697 0.000637 0.000791
-34.305023 0.000659 0.000819
-34.134354 0.000721 0.000848
-33.963680 0.000845 0.000878
-33.793007 0.001054 0.000908
-33.622337 0.001371 0.000940
-33.451664 0.001797 0.000972
-33.280994 0.002303 0.001006
-33.110321 0.002820 0.001040
-32.939651 0.003257 0.001075
-32.768978 0.003524 0.001112
-32.598305 0.003570 0.001149
-32.427635 0.003400 0.001188
-32.256962 0.003070 0.001227
-32.086292 0.002661 0.001268
-31.915619 0.002250 0.001310
-31.744947 0.001886 0.001353
-31.574276 0.001590 0.001397
-31.403605 0.001361 0.001442
-31.232933 0.001190 0.001489
-31.062260 0.001064 0.001537
-30.891588 0.000970 0.001586
-30.720917 0.000900 0.001636
-30.550245 0.000848 0.001688
-30.379574 0.000807 0.001741
-30.208902 0.000772 0.001796
-30.038231 0.000740 0.001852
-29.867558 0.000711 0.001909
-29.696886 0.000680 0.001968
-29.526215 0.000652 0.002028
-29.355543 0.000623 0.002089
-29.184872 0.000594 0.002153
-29.014200 0.000565 0.002217
-28.843527 0.000537 0.002284
-28.672855 0.000511 0.002351
-28.502184 0.000487 0.002421
-28.331512 0.000467 0.002492
-28.160841 0.000451 0.002565
-27.990170 0.000441 0.002639
-27.819496 0.000438 0.002716
-27.648825 0.000442 0.002793
-27.478153 0.000456 0.002873
-27.307482 0.000478 0.002955
-27.136810 0.000510 0.003038
-26.966139 0.000550 0.003123
-26.795467 0.000598 0.003210
-26.624794 0.000653 0.003299
-26.454123 0.000713 0.003389
-26.283451 0.000775 0.003482
-26.112780 0.000839 0.003576
-25.942108 0.000900 0.003673
-25.771437 0.000958 0.003771
-25.600763 0.001012 0.003872
-25.430092 0.001062 0.003974
-25.259420 0.001111 0.004079
-25.088749 0.001163 0.004185
-24.918077 0.001220 0.004294
-24.747406 0.001289 0.004404
-24.576733 0.001374 0.004517
-24.406061 0.001474 0.004632
-24.235390 0.001585 0.004749
-24.064718 0.001701 0.004868
-23.894047 0.001809 0.004989
-23.723375 0.001897 0.005113
-23.552704 0.001950 0.005239
-23.382030 0.001959 0.005366
-23.211359 0.001925 0.005496
-23.040688 0.001850 0.005629
-22.870016 0.001747 0.005763
-22.699345 0.001632 0.005900
-22.528673 0.001522 0.006039
-22.358000 0.001434 0.006180
-22.187328 0.001379 0.006323
-22.016657 0.001361 0.006469
-21.845985 0.001382 0.006617
-21.675314 0.001441 0.006767
-21.504642 0.001533 0.006920
-21.333971 0.001648 0.007074
-21.163298 0.001785 0.007231
-20.992626 0.001940 0.007390
-20.821955 0.002109 0.007552
-20.651283 0.002294 0.007715
-20.480612 0.002496 0.007881
-20.309940 0.002712 0.008049
-20.139267 0.002941 0.008220
-19.968596 0.003183 0.008392
-19.797924 0.003428 0.008567
-19.627253 0.003668 0.008744
-19.456581 0.003895 0.008923
-19.285910 0.004098 0.009104
-19.115238 0.004274 0.009287
-18.944565 0.004422 0.009473
-18.773893 0.004549 0.009660
-18.603222 0.004672 0.009850
-18.432550 0.004806 0.010041
-18.261879 0.004976 0.010235
-18.091208 0.005200 0.010431
-17.920534 0.005492 0.010628
-17.749863 0.005854 0.010828
-17.579191 0.006273 0.011029
-17.408520 0.006722 0.011232
-17.237848 0.007164 0.011438
-17.067177 0.007554 0.011644
-16.896503 0.007852 0.011853
-16.725832 0.008019 0.012064
-16.555161 0.008040 0.012276
-16.384489 0.007912 0.012489
-16.213818 0.007651 0.012705
-16.043146 0.007297 0.012922
-15.872474 0.006888 0.013140
-15.701802 0.006471 0.013360
-15.531130 0.006088 0.013581
-15.360458 0.005771 0.013804
-15.189787 0.005541 0.014028
-15.019115 0.005408 0.014253
-14.848443 0.005370 0.014479
-14.677772 0.005417 0.014707
-14.507100 0.005531 0.014935
-14.336428 0.005693 0.015165
-14.165756 0.005880 0.015396
-13.995085 0.006074 0.015627
-13.824412 0.006255 0.015859
-13.653741 0.006406 0.016093
-13.483069 0.006515 0.016326
-13.312397 0.006584 0.016561
-13.141726 0.006608 0.016796
-12.971054 0.006596 0.017031
-12.800382 0.006561 0.017267
-12.629710 0.006519 0.017503
-12.459039 0.006490 0.017740
-12.288366 0.006488 0.017976
-12.117695 0.006528 0.018213
-11.947023 0.006628 0.018450
-11.776352 0.006793 0.018687
-11.605680 0.007032 0.018923
-11.435008 0.007346 0.019160
-11.264337 0.007734 0.019396
-11.093664 0.008195 0.019632
-10.922993 0.008725 0.019867
-10.752321 0.009317 0.020102
-10.581649 0.009969 0.020336
-10.410977 0.010677 0.020570
-10.240306 0.011428 0.020802
-10.069633 0.012214 0.021034
-9.898962 0.013034 0.021265
-9.728291 0.013874 0.021495
-9.557619 0.014723 0.021723
-9.386947 0.015570 0.021951
-9.216275 0.016403 0.022177
-9.045604 0.017210 0.022402
-8.874931 0.017983 0.022625
-8.704260 0.018720 0.022846
-8.533588 0.019422 0.023066
-8.362916 0.020092 0.023284
-8.192245 0.020739 0.023501
-8.021573 0.021372 0.023715
-7.850901 0.022002 0.023927
-7.680229 0.022635 0.024137
-7.509558 0.023279 0.024345
-7.338886 0.023938 0.024551
-7.168214 0.024616 0.024754
-6.997542 0.025319 0.024955
-6.826870 0.026057 0.025153
-6.656199 0.026833 0.025348
-6.485527 0.027659 0.025541
-6.314855 0.028543 0.025731
-6.144183 0.029489 0.025918
-5.973512 0.030505 0.026102
-5.802840 0.031588 0.026282
-5.632168 0.032740 0.026460
-5.461496 0.033955 0.026635
-5.290824 0.035221 0.026806
-5.120153 0.036534 0.026973
-4.949481 0.037886 0.027138
-4.778810 0.039264 0.027298
-4.608138 0.040661 0.027455
-4.437466 0.042069 0.027609
-4.266794 0.043490 0.027758
-4.096122 0.044918 0.027904
-3.925451 0.046358 0.028046
-3.754779 0.047806 0.028184
-3.584107 0.049270 0.028317
-3.413435 0.050748 0.028447
-3.242764 0.052235 0.028572
-3.072092 0.053722 0.028693
-2.901420 0.055188 0.028810
-2.730748 0.056601 0.028923
-2.560076 0.057913 0.029031
-2.389405 0.059063 0.029135
-2.218733 0.059989 0.029234
-2.048061 0.060650 0.029328
-1.877389 0.061037 0.029418
-1.706718 0.061190 0.029504
-1.536046 0.061180 0.029584
-1.365374 0.061084 0.029660
-1.194702 0.060961 0.029731
-1.024031 0.060846 0.029798
-0.853359 0.060729 0.029859
-0.682687 0.060598 0.029916
-0.512015 0.060431 0.029968
-0.341344 0.060208 0.030014
-0.170672 0.059920 0.030056
0.000000 0.059560 0.030093
0.170672 0.059128 0.030125
0.341344 0.058628 0.030152
0.512015 0.058063 0.030174
0.682687 0.057444 0.030191
0.853359 0.056783 0.030202
1.024031 0.056091 0.030209
1.194702 0.055381 0.030211
1.365374 0.054661 0.030207
1.536046 0.053936 0.030199
1.706718 0.053211 0.030186
1.877389 0.052482 0.030167
2.048061 0.051749 0.030144
2.218733 0.051010 0.030115
2.389405 0.050263 0.030082
2.560076 0.049508 0.030043
2.730748 0.048743 0.030000
2.901420 0.047969 0.029952
3.072092 0.047189 0.029898
3.242764 0.046400 0.029840
3.413435 0.045598 0.029777
3.584107 0.044776 0.029709
3.754779 0.043932 0.029636
3.925451 0.043054 0.029559
4.096122 0.042140 0.029477
4.266794 0.041187 0.029390
4.437466 0.040195 0.029299
4.608138 0.039170 0.029203
4.778810 0.038127 0.029102
4.949481 0.037080 0.028997
5.120153 0.036050 0.028887
5.290824 0.035053 0.028773
5.461496 0.034094 0.028655
5.632168 0.033157 0.028532
5.802840 0.032208 0.028406
5.973512 0.031206 0.028275
6.144183 0.030118 0.028140
6.314855 0.028937 0.028001
6.485527 0.027683 0.027858
6.656199 0.026414 0.027711
6.826870 0.025184 0.027560
6.997542 0.024034 0.027405
7.168214 0.022990 0.027247
7.338886 0.022051 0.027085
7.509558 0.021206 0.026920
7.680229 0.020438 0.026751
7.850901 0.019737 0.026579
8.021573 0.019094 0.026403
8.192245 0.018505 0.026225
8.362916 0.017975 0.026043
8.533588 0.017504 0.025858
8.704260 0.017086 0.025670
8.874931 0.016718 0.025479
9.045604 0.016389 0.025286
9.216275 0.016096 0.025089
9.386947 0.015823 0.024890
9.557619 0.015553 0.024689
9.728291 0.015272 0.024485
9.898962 0.014974 0.024279
10.069633 0.014642 0.024070
10.240306 0.014279 0.023859
10.410977 0.013883 0.023646
10.581649 0.013457 0.023431
10.752321 0.013008 0.023214
10.922993 0.012547 0.022996
11.093664 0.012084 0.022775
11.264337 0.011636 0.022553
11.435008 0.011200 0.022330
11.605680 0.010792 0.022104
11.776352 0.010421 0.021878
11.947023 0.010088 0.021650
12.117695 0.009805 0.021421
12.288366 0.009572 0.021191
12.459039 0.009392 0.020960
12.629710 0.009265 0.020728
12.800382 0.009194 0.020495
12.971054 0.009170 0.020261
13.141726 0.009189 0.020027
13.312397 0.009252 0.019792
13.483069 0.009352 0.019556
13.653741 0.009489 0.019320
13.824412 0.009660 0.019084
13.995085 0.009855 0.018847
14.165756 0.010063 0.018611
14.336428 0.010248 0.018374
14.507100 0.010367 0.018137
14.677772 0.010376 0.017900
14.848443 0.010228 0.017664
15.019115 0.009910 0.017427
15.189787 0.009440 0.017191
15.360458 0.008862 0.016955
15.531130 0.008246 0.016720
15.701802 0.007660 0.016485
15.872474 0.007165 0.016251
16.043146 0.006790 0.016018
16.213818 0.006553 0.015785
16.384489 0.006447 0.015553
16.555161 0.006449 0.015322
16.725832 0.006535 0.015091
16.896503 0.006671 0.014862
17.067177 0.006824 0.014634
17.237848 0.006960 0.014406
17.408520 0.007054 0.014180
17.579191 0.007093 0.013956
17.749863 0.007072 0.013732
17.920534 0.006992 0.013510
18.091208 0.006868 0.013289
18.261879 0.006716 0.013070
18.432550 0.006553 0.012852
18.603222 0.006396 0.012635
18.773893 0.006258 0.012421
18.944565 0.006147 0.012207
19.115238 0.006060 0.011996
19.285910 0.006003 0.011786
19.456581 0.005973 0.011578
19.627253 0.005967 0.011371
19.797924 0.005980 0.011167
19.968596 0.006011 0.010964
20.139267 0.006049 0.010763
20.309940 0.006082 0.010564
20.480612 0.006096 0.010368
20.651283 0.006077 0.010173
20.821955 0.006012 0.009980
20.992626 0.005889 0.009789
21.163298 0.005705 0.009600
21.333971 0.005465 0.009413
21.504642 0.005180 0.009228
21.675314 0.004865 0.009045
21.845985 0.004539 0.008865
22.016657 0.004218 0.008687
22.187328 0.003919 0.008510
22.358000 0.003651 0.008336
22.528673 0.003421 0.008165
22.699345 0.003231 0.007995
22.870016 0.003079 0.007828
23.040688 0.002959 0.007663
23.211359 0.002868 0.007500
23.382030 0.002801 0.007339
23.552704 0.002757 0.007180
23.723375 0.002728 0.007024
23.894047 0.002715 0.006870
24.064718 0.002714 0.006719
24.235390 0.002727 0.006569
24.406061 0.002754 0.006422
24.576733 0.002794 0.006277
24.747406 0.002848 0.006134
24.918077 0.002920 0.005994
25.088749 0.003009 0.005856
25.259420 0.003115 0.005720
25.430092 0.003240 0.005586
25.600763 0.003380 0.005454
25.771437 0.003531 0.005325
25.942108 0.003684 0.005198
26.112780 0.003832 0.005073
26.283451 0.003960 0.004950
26.454123 0.004056 0.004830
26.624794 0.004108 0.004711
26.795467 0.004108 0.004595
26.966139 0.004051 0.004481
27.136810 0.003938 0.004369
27.307482 0.003781 0.004259
27.478153 0.003588 0.004151
27.648825 0.003378 0.004045
27.819496 0.003169 0.003941
27.990170 0.002982 0.003839
28.160841 0.002828 0.003739
28.331512 0.002718 0.003642
28.502184 0.002657 0.003546
28.672855 0.002648 0.003452
28.843527 0.002689 0.003360
29.014200 0.002775 0.003270
29.184872 0.002902 0.003182
29.355543 0.003066 0.003095
29.526215 0.003257 0.003011
29.696886 0.003465 0.002928
29.867558 0.003678 0.002847
30.038231 0.003877 0.002768
30.208902 0.004040 0.002691
30.379574 0.004149 0.002615
30.550245 0.004184 0.002541
30.720917 0.004137 0.002469
30.891588 0.004006 0.002398
31.062260 0.003798 0.002329
31.232933 0.003531 0.002262
31.403605 0.003226 0.002196
31.574276 0.002905 0.002132
31.744947 0.002591 0.002069
31.915619 0.002297 0.002008
32.086292 0.002036 0.001949
32.256962 0.001811 0.001890
32.427635 0.001621 0.001833
32.598305 0.001462 0.001778
32.768978 0.001332 0.001724
32.939651 0.001224 0.001671
33.110321 0.001131 0.001620
33.280994 0.001051 0.001570
33.451664 0.000979 0.001521
33.622337 0.000913 0.001474
33.793007 0.000849 0.001428
33.963680 0.000791 0.001383
34.134354 0.000736 0.001339
34.305023 0.000684 0.001296
34.475697 0.000635 0.001255
34.646366 0.000589 0.001215
34.817039 0.000547 0.001175
34.987713 0.000510 0.001137
35.158382 0.000479 0.001100
35.329056 0.000456 0.001064
35.499725 0.000441 0.001029
35.670399 0.000436 0.000995
35.841068 0.000442 0.000962
36.011742 0.000460 0.000929
36.182415 0.000490 0.000898
36.353085 0.000534 0.000868
36.523758 0.000589 0.000838
36.694427 0.000654 0.000810
36.865101 0.000726 0.000782
37.035770 0.000799 0.000755
37.206444 0.000870 0.000729
37.377117 0.000932 0.000704
37.547787 0.000981 0.000679
37.718460 0.001013 0.000655
37.889130 0.001024 0.000632
38.059803 0.001015 0.000610
38.230476 0.000984 0.000588
38.401146 0.000937 0.000567
38.571819 0.000876 0.000547
38.742489 0.000807 0.000527
38.913162 0.000734 0.000508
39.083832 0.000663 0.000490
39.254505 0.000598 0.000472
39.425179 0.000542 0.000454
39.595848 0.000498 0.000438
39.766521 0.000467 0.000422
39.937191 0.000447 0.000406
40.107864 0.000438 0.000391
40.278534 0.000438 0.000376
40.449207 0.000446 0.000362
40.619881 0.000459 0.000348
40.790550 0.000476 0.000335
40.961224 0.000495 0.000322
41.131893 0.000515 0.000310
41.302567 0.000535 0.000298
41.473236 0.000554 0.000287
41.643909 0.000573 0.000275
41.814583 0.000590 0.000265
41.985252 0.000607 0.000254
42.155926 0.000624 0.000244
42.326595 0.000641 0.000235
42.497269 0.000657 0.000225
42.667942 0.000675 0.000216
