-17.384325 0.000029 nan
-17.314787 0.000036 nan
-17.245249 0.000045 nan
-17.175713 0.000055 nan
-17.106174 0.000066 nan
-17.036638 0.000080 nan
-16.967100 0.000096 nan
-16.897564 0.000115 nan
-16.828026 0.000137 nan
-16.758488 0.000163 nan
-16.688951 0.000191 nan
-16.619413 0.000224 nan
-16.549877 0.000261 nan
-16.480339 0.000303 nan
-16.410803 0.000349 nan
-16.341265 0.000401 nan
-16.271727 0.000457 nan
-16.202190 0.000519 nan
-16.132652 0.000586 nan
-16.063116 0.000658 nan
-15.993578 0.000736 nan
-15.924041 0.000818 nan
-15.854504 0.000904 nan
-15.784966 0.000995 nan
-15.715429 0.001092 nan
-15.645892 0.001191 nan
-15.576355 0.001290 nan
-15.506817 0.001391 nan
-15.437280 0.001491 nan
-15.367743 0.001591 nan
-15.298205 0.001690 nan
-15.228668 0.001785 nan
-15.159131 0.001875 nan
-15.089594 0.001962 nan
-15.020056 0.002040 nan
-14.950519 0.002112 nan
-14.880981 0.002177 nan
-14.811444 0.002232 nan
-14.741907 0.002277 nan
-14.672370 0.002313 nan
-14.602833 0.002338 nan
-14.533295 0.002352 nan
-14.463758 0.002356 nan
-14.394220 0.002349 nan
-14.324683 0.002334 nan
-14.255146 0.002309 nan
-14.185609 0.002279 nan
-14.116072 0.002241 nan
-14.046534 0.002199 nan
-13.976996 0.002150 nan
-13.907459 0.002097 nan
-13.837922 0.002041 nan
-13.768385 0.001986 nan
-13.698848 0.001930 nan
-13.629311 0.001877 nan
-13.559772 0.001826 nan
-13.490235 0.001779 nan
-13.420698 0.001738 nan
-13.351161 0.001703 nan
-13.281624 0.001674 nan
-13.212087 0.001653 nan
-13.142550 0.001640 nan
-13.073011 0.001636 nan
-13.003474 0.001640 nan
-12.933937 0.001653 nan
-12.864400 0.001674 nan
-12.794863 0.001703 nan
-12.725326 0.001747 nan
-12.655788 0.001794 nan
-12.586250 0.001848 nan
-12.516713 0.001909 nan
-12.447176 0.001980 nan
-12.377639 0.002054 nan
-12.308102 0.002133 nan
-12.238564 0.002217 nan
-12.169027 0.002306 nan
-12.099489 0.002398 nan
-12.029952 0.002493 nan
-11.960415 0.002591 nan
-11.890878 0.002696 nan
-11.821341 0.002800 nan
-11.751803 0.002905 nan
-11.682266 0.003012 nan
-11.612728 0.003120 nan
-11.543191 0.003230 nan
-11.473654 0.003341 nan
-11.404117 0.003454 nan
-11.334579 0.003573 nan
-11.265042 0.003690 nan
-11.195505 0.003811 nan
-11.125967 0.003934 nan
-11.056430 0.004059 nan
-10.986893 0.004195 nan
-10.917356 0.004334 nan
-10.847818 0.004485 nan
-10.778281 0.004637 nan
-10.708744 0.004798 nan
-10.639207 0.004968 nan
-10.569669 0.005151 nan
-10.500132 0.005344 nan
-10.430594 0.005546 nan
-10.361057 0.005768 nan
-10.291520 0.005994 nan
-10.221983 0.006233 nan
-10.152446 0.006485 nan
-10.082908 0.006754 nan
-10.013371 0.007042 nan
-9.943833 0.007343 nan
-9.874296 0.007646 nan
-9.804759 0.007965 nan
-9.735222 0.008288 nan
-9.665685 0.008625 nan
-9.596147 0.008970 nan
-9.526609 0.009314 nan
-9.457072 0.009669 nan
-9.387535 0.010023 nan
-9.317998 0.010383 nan
-9.248461 0.010738 nan
-9.178924 0.011091 nan
-9.109385 0.011438 nan
-9.039848 0.011780 nan
-8.970311 0.012111 nan
-8.900774 0.012437 nan
-8.831237 0.012753 nan
-8.761700 0.013056 nan
-8.692163 0.013347 nan
-8.622624 0.013625 nan
-8.553087 0.013896 nan
-8.483550 0.014147 nan
-8.414013 0.014390 nan
-8.344476 0.014615 nan
-8.274939 0.014829 nan
-8.205401 0.015032 nan
-8.135863 0.015226 nan
-8.066326 0.015409 nan
-7.996789 0.015586 nan
-7.927252 0.015754 nan
-7.857715 0.015919 nan
-7.788177 0.016080 nan
-7.718640 0.016238 nan
-7.649103 0.016397 nan
-7.579566 0.016550 nan
-7.510028 0.016708 nan
-7.440491 0.016866 nan
-7.370954 0.017026 nan
-7.301416 0.017187 nan
-7.231879 0.017351 nan
-7.162342 0.017522 nan
-7.092804 0.017692 nan
-7.023267 0.017872 nan
-6.953730 0.018057 nan
-6.884192 0.018248 nan
-6.814655 0.018446 nan
-6.745118 0.018654 nan
-6.675581 0.018868 nan
-6.606043 0.019093 nan
-6.536506 0.019328 nan
-6.466969 0.019572 nan
-6.397431 0.019826 nan
-6.327894 0.020093 nan
-6.258357 0.020375 nan
-6.188819 0.020670 nan
-6.119282 0.020980 nan
-6.049745 0.021308 nan
-5.980207 0.021653 nan
-5.910670 0.022021 nan
-5.841133 0.022410 nan
-5.771595 0.022819 nan
-5.702058 0.023252 nan
-5.632521 0.023712 nan
-5.562984 0.024197 nan
-5.493446 0.024713 nan
-5.423909 0.025253 nan
-5.354372 0.025827 nan
-5.284834 0.026433 nan
-5.215297 0.027071 nan
-5.145760 0.027746 nan
-5.076223 0.028453 nan
-5.006685 0.029196 nan
-4.937148 0.029978 nan
-4.867611 0.030795 nan
-4.798073 0.031653 nan
-4.728536 0.032546 nan
-4.658999 0.033477 nan
-4.589462 0.034450 nan
-4.519924 0.035459 nan
-4.450387 0.036507 nan
-4.380850 0.037593 nan
-4.311312 0.038718 nan
-4.241775 0.039880 nan
-4.172238 0.041080 nan
-4.102701 0.042319 nan
-4.033163 0.043592 nan
-3.963626 0.044901 nan
-3.894089 0.046244 nan
-3.824551 0.047618 nan
-3.755014 0.049028 nan
-3.685477 0.050469 nan
-3.615939 0.051939 nan
-3.546402 0.053442 nan
-3.476865 0.054970 nan
-3.407328 0.056523 nan
-3.337790 0.058100 nan
-3.268253 0.059700 nan
-3.198716 0.061320 nan
-3.129178 0.062962 nan
-3.059641 0.064618 nan
-2.990104 0.066289 nan
-2.920567 0.067973 nan
-2.851029 0.069666 nan
-2.781492 0.071365 nan
-2.711955 0.073076 nan
-2.642417 0.074787 nan
-2.572880 0.076498 nan
-2.503343 0.078207 nan
-2.433805 0.079908 nan
-2.364268 0.081602 nan
-2.294731 0.083288 nan
-2.225194 0.084961 nan
-2.155656 0.086617 nan
-2.086119 0.088251 nan
-2.016582 0.089869 nan
-1.947044 0.091461 nan
-1.877507 0.093024 nan
-1.807970 0.094556 nan
-1.738432 0.096057 nan
-1.668895 0.097519 nan
-1.599358 0.098945 nan
-1.529821 0.100328 nan
-1.460283 0.101668 nan
-1.390746 0.102961 nan
-1.321209 0.104206 nan
-1.251671 0.105400 nan
-1.182134 0.106543 nan
-1.112597 0.107630 nan
-1.043059 0.108666 nan
-0.973522 0.109639 nan
-0.903985 0.110552 nan
-0.834448 0.111403 nan
-0.764910 0.112192 nan
-0.695373 0.112913 nan
-0.625836 0.113571 nan
-0.556298 0.114163 nan
-0.486761 0.114686 nan
-0.417224 0.115146 nan
-0.347686 0.115534 nan
-0.278149 0.115852 nan
-0.208612 0.116100 nan
-0.139075 0.116280 nan
-0.069537 0.116392 nan
0.000000 0.116436 nan
0.069537 0.116414 nan
0.139075 0.116328 nan
0.208612 0.116180 nan
0.278149 0.115971 nan
0.347686 0.115707 nan
0.417224 0.115393 nan
0.486761 0.115025 nan
0.556298 0.114610 nan
0.625836 0.114152 nan
0.695373 0.113652 nan
0.764910 0.113112 nan
0.834448 0.112531 nan
0.903985 0.111909 nan
0.973522 0.111242 nan
1.043059 0.110529 nan
1.112597 0.109765 nan
1.182134 0.108943 nan
1.251671 0.108057 nan
1.321209 0.107099 nan
1.390746 0.106064 nan
1.460283 0.104946 nan
1.529821 0.103740 nan
1.599358 0.102447 nan
1.668895 0.101064 nan
1.738432 0.099593 nan
1.807970 0.098040 nan
1.877507 0.096412 nan
1.947044 0.094718 nan
2.016582 0.092970 nan
2.086119 0.091176 nan
2.155656 0.089353 nan
2.225194 0.087508 nan
2.294731 0.085659 nan
2.364268 0.083810 nan
2.433805 0.081976 nan
2.503343 0.080161 nan
2.572880 0.078371 nan
2.642417 0.076609 nan
2.711955 0.074881 nan
2.781492 0.073191 nan
2.851029 0.071532 nan
2.920567 0.069909 nan
2.990104 0.068319 nan
3.059641 0.066762 nan
3.129178 0.065236 nan
3.198716 0.063737 nan
3.268253 0.062270 nan
3.337790 0.060829 nan
3.407328 0.059411 nan
3.476865 0.058020 nan
3.546402 0.056650 nan
3.615939 0.055301 nan
3.685477 0.053970 nan
3.755014 0.052651 nan
3.824551 0.051354 nan
3.894089 0.050069 nan
3.963626 0.048796 nan
4.033163 0.047532 nan
4.102701 0.046277 nan
4.172238 0.045026 nan
4.241775 0.043786 nan
4.311312 0.042550 nan
4.380850 0.041320 nan
4.450387 0.040095 nan
4.519924 0.038882 nan
4.589462 0.037670 nan
4.658999 0.036466 nan
4.728536 0.035273 nan
4.798073 0.034090 nan
4.867611 0.032922 nan
4.937148 0.031770 nan
5.006685 0.030636 nan
5.076223 0.029525 nan
5.145760 0.028438 nan
5.215297 0.027378 nan
5.284834 0.026345 nan
5.354372 0.025346 nan
5.423909 0.024387 nan
5.493446 0.023462 nan
5.562984 0.022571 nan
5.632521 0.021722 nan
5.702058 0.020913 nan
5.771595 0.020145 nan
5.841133 0.019416 nan
5.910670 0.018728 nan
5.980207 0.018076 nan
6.049745 0.017466 nan
6.119282 0.016894 nan
6.188819 0.016356 nan
6.258357 0.015853 nan
6.327894 0.015386 nan
6.397431 0.014948 nan
6.466969 0.014543 nan
6.536506 0.014167 nan
6.606043 0.013818 nan
6.675581 0.013492 nan
6.745118 0.013194 nan
6.814655 0.012916 nan
6.884192 0.012658 nan
6.953730 0.012419 nan
7.023267 0.012195 nan
7.092804 0.011991 nan
7.162342 0.011803 nan
7.231879 0.011625 nan
7.301416 0.011469 nan
7.370954 0.011320 nan
7.440491 0.011184 nan
7.510028 0.011050 nan
7.579566 0.010937 nan
7.649103 0.010834 nan
7.718640 0.010739 nan
7.788177 0.010653 nan
7.857715 0.010574 nan
7.927252 0.010502 nan
7.996789 0.010435 nan
8.066326 0.010376 nan
8.135863 0.010324 nan
8.205401 0.010276 nan
8.274939 0.010236 nan
8.344476 0.010201 nan
8.414013 0.010163 nan
8.483550 0.010134 nan
8.553087 0.010109 nan
8.622624 0.010085 nan
8.692163 0.010068 nan
8.761700 0.010049 nan
8.831237 0.010035 nan
8.900774 0.010020 nan
8.970311 0.010002 nan
9.039848 0.009989 nan
9.109385 0.009980 nan
9.178924 0.009966 nan
9.248461 0.009956 nan
9.317998 0.009942 nan
9.387535 0.009930 nan
9.457072 0.009910 nan
9.526609 0.009891 nan
9.596147 0.009864 nan
9.665685 0.009838 nan
9.735222 0.009806 nan
9.804759 0.009774 nan
9.874296 0.009736 nan
9.943833 0.009697 nan
10.013371 0.009654 nan
10.082908 0.009612 nan
10.152446 0.009572 nan
10.221983 0.009520 nan
10.291520 0.009468 nan
10.361057 0.009409 nan
10.430594 0.009350 nan
10.500132 0.009291 nan
10.569669 0.009221 nan
10.639207 0.009153 nan
10.708744 0.009086 nan
10.778281 0.009011 nan
10.847818 0.008936 nan
10.917356 0.008853 nan
10.986893 0.008767 nan
11.056430 0.008680 nan
11.125967 0.008589 nan
11.195505 0.008493 nan
11.265042 0.008393 nan
11.334579 0.008294 nan
11.404117 0.008187 nan
11.473654 0.008077 nan
11.543191 0.007963 nan
11.612728 0.007846 nan
11.682266 0.007725 nan
11.751803 0.007602 nan
11.821341 0.007477 nan
11.890878 0.007349 nan
11.960415 0.007221 nan
12.029952 0.007091 nan
12.099489 0.006962 nan
12.169027 0.006833 nan
12.238564 0.006706 nan
12.308102 0.006582 nan
12.377639 0.006460 nan
12.447176 0.006343 nan
12.516713 0.006229 nan
12.586250 0.006124 nan
12.655788 0.006026 nan
12.725326 0.005935 nan
12.794863 0.005853 nan
12.864400 0.005780 nan
12.933937 0.005715 nan
13.003474 0.005661 nan
13.073011 0.005617 nan
13.142550 0.005582 nan
13.212087 0.005556 nan
13.281624 0.005538 nan
13.351161 0.005526 nan
13.420698 0.005520 nan
13.490235 0.005517 nan
13.559772 0.005517 nan
13.629311 0.005521 nan
13.698848 0.005520 nan
13.768385 0.005516 nan
13.837922 0.005506 nan
13.907459 0.005488 nan
13.976996 0.005462 nan
14.046534 0.005425 nan
14.116072 0.005376 nan
14.185609 0.005315 nan
14.255146 0.005239 nan
14.324683 0.005149 nan
14.394220 0.005046 nan
14.463758 0.004934 nan
14.533295 0.004811 nan
14.602833 0.004676 nan
14.672370 0.004534 nan
14.741907 0.004386 nan
14.811444 0.004233 nan
14.880981 0.004078 nan
14.950519 0.003923 nan
15.020056 0.003770 nan
15.089594 0.003621 nan
15.159131 0.003478 nan
15.228668 0.003343 nan
15.298205 0.003217 nan
15.367743 0.003102 nan
15.437280 0.002999 nan
15.506817 0.002908 nan
15.576355 0.002830 nan
15.645892 0.002764 nan
15.715429 0.002710 nan
15.784966 0.002672 nan
15.854504 0.002645 nan
15.924041 0.002630 nan
15.993578 0.002626 nan
16.063116 0.002631 nan
16.132652 0.002639 nan
16.202190 0.002660 nan
16.271727 0.002687 nan
16.341265 0.002717 nan
16.410803 0.002751 nan
16.480339 0.002786 nan
16.549877 0.002821 nan
16.619413 0.002854 nan
16.688951 0.002885 nan
16.758488 0.002913 nan
16.828026 0.002936 nan
16.897564 0.002953 nan
16.967100 0.002963 nan
17.036638 0.002966 nan
17.106174 0.002961 nan
17.175713 0.002948 nan
17.245249 0.002923 nan
17.314787 0.002893 nan
17.384325 0.002852 nan
