0 1.0
0.001 0.99999975000001551
0.002 0.99999900000024977
0.003 0.99999775000126556
0.004 0.99999600000400013
0.005 0.99999375000976554
0.006 0.99999100002024988
0.007 0.99998775003751572
0.008 0.9999840000639999
0.009 0.99997975010251539
0.01 0.99997500015624952
0.011 0.99996975022876455
0.012 0.9999640003239989
0.013 0.99995775044626367
0.014 0.99995100060024666
0.015 0.99994375079101072
0.016 0.9999360010239926
0.017 0.99992775130500511
0.018 0.99991900164023528
0.019 0.99990975203624521
0.02 0.99990000249997213
0.021 0.99988975303872829
0.022 0.99987900366020066
0.023 0.99986775437245123
0.024 0.99985600518391737
0.025 0.99984375610340959
0.026 0.99983100714011597
0.027 0.99981775830359754
0.028 0.99980400960379068
0.029 0.99978976105100714
0.03 0.99977501265593383
0.031 0.99975976442963044
0.032 0.99974401638353394
0.033 0.999727768529455
0.034 0.99971102087957942
0.035 0.9996937734464677
0.036 0.99967602624305518
0.037 0.99965777928265198
0.038 0.99963903257894327
0.039 0.99961978614598834
0.04 0.99960003999822211
0.041 0.99957979415045395
0.042 0.99955904861786748
0.043 0.99953780341602205
0.044 0.9995160585608508
0.045 0.99949381406866167
0.046 0.99947106995613788
0.047 0.99944782624033723
0.048 0.99942408293869178
0.049 0.99939984006900817
0.05 0.99937509764946852
0.051 0.99934985569862866
0.052 0.99932411423541934
0.053 0.99929787327914599
0.054 0.99927113284948876
0.055 0.99924389296650196
0.056 0.99921615365061467
0.057 0.9991879149226307
0.058 0.99915917680372768
0.059 0.9991299393154589
0.06 0.99910020247975095
0.061 0.99906996631890554
0.062 0.99903923085559854
0.063 0.99900799611288027
0.064 0.99897626211417578
0.065 0.99894402888328371
0.066 0.99891129644437837
0.067 0.99887806482200692
0.068 0.99884433404109185
0.069 0.99881010412692972
0.07 0.9987753751051911
0.071 0.99874014700192082
0.072 0.99870441984353875
0.073 0.99866819365683801
0.074 0.99863146846898587
0.075 0.99859424430752475
0.076 0.99855652120037053
0.077 0.99851829917581292
0.078 0.99847957826251621
0.079 0.99844035848951918
0.08 0.99840063988623362
0.081 0.99836042248244594
0.082 0.99831970630831646
0.083 0.99827849139437974
0.084 0.99823677777154374
0.085 0.99819456547109064
0.086 0.9981518545246767
0.087 0.99810864496433194
0.088 0.99806493682246011
0.089 0.99802073013183856
0.09 0.99797602492561899
0.091 0.99793082123732657
0.092 0.99788511910085986
0.093 0.99783891855049189
0.094 0.99779221962086873
0.095 0.99774502234701024
0.096 0.99769732676431033
0.097 0.99764913290853596
0.098 0.99760044081582744
0.099 0.99755125052269944
0.1 0.99750156206604002
0.101 0.99745137548310969
0.102 0.99740069081154359
0.103 0.99734950808934975
0.104 0.99729782735490902
0.105 0.99724564864697707
0.106 0.99719297200468127
0.107 0.99713979746752357
0.108 0.99708612507537808
0.109 0.99703195486849261
0.11 0.99697728688748855
0.111 0.99692212117336021
0.112 0.99686645776747407
0.113 0.99681029671157106
0.114 0.99675363804776418
0.115 0.99669648181854043
0.116 0.99663882806675852
0.117 0.99658067683565099
0.118 0.9965220281688234
0.119 0.99646288211025336
0.12 0.99640323870429159
0.121 0.99634309799566179
0.122 0.9962824600294613
0.123 0.99622132485115822
0.124 0.99615969250659475
0.125 0.99609756304198505
0.126 0.99603493650391706
0.127 0.995971812939349
0.128 0.99590819239561412
0.129 0.99584407492041682
0.13 0.99577946056183397
0.131 0.99571434936831493
0.132 0.99564874138868209
0.133 0.99558263667212865
0.134 0.99551603526822197
0.135 0.99544893722689998
0.136 0.99538134259847455
0.137 0.99531325143362781
0.138 0.99524466378341514
0.139 0.99517557969926373
0.14 0.99510599923297283
0.141 0.99503592243671368
0.142 0.99496534936302949
0.143 0.99489428006483549
0.144 0.99482271459541816
0.145 0.99475065300843668
0.146 0.99467809535792118
0.147 0.99460504169827413
0.148 0.99453149208426939
0.149 0.99445744657105217
0.15 0.99438290521413997
0.151 0.99430786806942117
0.152 0.99423233519315601
0.153 0.99415630664197585
0.154 0.99407978247288431
0.155 0.99400276274325483
0.156 0.99392524751083344
0.157 0.9938472368337371
0.158 0.99376873077045402
0.159 0.99368972937984268
0.16 0.99361023272113413
0.161 0.99353024085392949
0.162 0.99344975383820111
0.163 0.9933687717342925
0.164 0.99328729460291787
0.165 0.99320532250516258
0.166 0.99312285550248214
0.167 0.9930398936567032
0.168 0.99295643703002334
0.169 0.99287248568501074
0.17 0.99278803968460394
0.171 0.99270309909211185
0.172 0.99261766397121454
0.173 0.99253173438596176
0.174 0.99244531040077411
0.175 0.99235839208044274
0.176 0.99227097949012832
0.177 0.9921830726953621
0.178 0.99209467176204635
0.179 0.99200577675645185
0.18 0.99191638774522095
0.181 0.99182650479536494
0.182 0.99173612797426547
0.183 0.99164525734967413
0.184 0.99155389298971242
0.185 0.99146203496287155
0.186 0.99136968333801212
0.187 0.99127683818436452
0.188 0.99118349957152962
0.189 0.99108966756947647
0.19 0.99099534224854435
0.191 0.99090052367944204
0.192 0.99080521193324755
0.193 0.99070940708140787
0.194 0.99061310919574019
0.195 0.99051631834842968
0.196 0.99041903461203173
0.197 0.9903212580594698
0.198 0.99022298876403725
0.199 0.99012422679939571
0.2 0.99002497223957631
0.201 0.98992522515897863
0.202 0.98982498563237109
0.203 0.98972425373489059
0.204 0.9896230295420434
0.205 0.98952131312970359
0.206 0.98941910457411375
0.207 0.98931640395188569
0.208 0.98921321133999918
0.209 0.98910952681580144
0.21 0.98900535045700988
0.211 0.98890068234170858
0.212 0.98879552254834979
0.213 0.98868987115575446
0.214 0.98858372824311169
0.215 0.98847709388997762
0.216 0.98836996817627709
0.217 0.98826235118230188
0.218 0.98815424298871246
0.219 0.98804564367653647
0.22 0.98793655332716912
0.221 0.98782697202237357
0.222 0.98771689984427979
0.223 0.98760633687538557
0.224 0.98749528319855584
0.225 0.98738373889702302
0.226 0.98727170405438669
0.227 0.98715917875461323
0.228 0.98704616308203652
0.229 0.98693265712135692
0.23 0.98681866095764192
0.231 0.98670417467632621
0.232 0.9865891983632108
0.233 0.98647373210446321
0.234 0.98635777598661811
0.235 0.98624133009657666
0.236 0.98612439452160616
0.237 0.98600696934934051
0.238 0.98588905466777998
0.239 0.98577065056529134
0.24 0.98565175713060649
0.241 0.98553237445282516
0.242 0.98541250262141122
0.243 0.98529214172619561
0.244 0.98517129185737584
0.245 0.98504995310551346
0.246 0.98492812556153719
0.247 0.98480580931674078
0.248 0.98468300446278356
0.249 0.98455971109169071
0.25 0.98443592929585277
0.251 0.98431165916802488
0.252 0.98418690080132876
0.253 0.98406165428924985
0.254 0.98393591972564043
0.255 0.98380969720471667
0.256 0.98368298682105948
0.257 0.98355578866961546
0.258 0.9834281028456956
0.259 0.98329992944497568
0.26 0.98317126856349646
0.261 0.98304212029766258
0.262 0.98291248474424386
0.263 0.98278236200037372
0.264 0.98265175216355072
0.265 0.98252065533163768
0.266 0.98238907160286093
0.267 0.98225700107581126
0.268 0.98212444384944309
0.269 0.98199140002307583
0.27 0.98185786969639133
0.271 0.98172385296943598
0.272 0.98158934994261982
0.273 0.98145436071671643
0.274 0.98131888539286227
0.275 0.9811829240725588
0.276 0.98104647685766866
0.277 0.98090954385041951
0.278 0.98077212515340173
0.279 0.98063422086956809
0.28 0.98049583110223471
0.281 0.98035695595508132
0.282 0.98021759553214938
0.283 0.98007774993784369
0.284 0.97993741927693201
0.285 0.97979660365454402
0.286 0.97965530317617144
0.287 0.97951351794767028
0.288 0.97937124807525655
0.289 0.97922849366551001
0.29 0.9790852548253719
0.291 0.9789415316621457
0.292 0.97879732428349686
0.293 0.9786526327974524
0.294 0.97850745731240096
0.295 0.97836179793709388
0.296 0.97821565478064298
0.297 0.97806902795252215
0.298 0.97792191756256586
0.299 0.97777432372097162
0.3 0.97762624653829611
0.301 0.97747768612545827
0.302 0.97732864259373831
0.303 0.97717911605477636
0.304 0.97702910662057441
0.305 0.97687861440349455
0.306 0.97672763951625974
0.307 0.97657618207195351
0.308 0.97642424218401958
0.309 0.97627181996626289
0.31 0.97611891553284769
0.311 0.97596552899829925
0.312 0.97581166047750167
0.313 0.97565731008570034
0.314 0.97550247793850042
0.315 0.97534716415186584
0.316 0.97519136884212132
0.317 0.97503509212595052
0.318 0.97487833412039726
0.319 0.97472109494286419
0.32 0.9745633747111131
0.321 0.97440517354326606
0.322 0.97424649155780307
0.323 0.97408732887356397
0.324 0.97392768560974674
0.325 0.97376756188590918
0.326 0.97360695782196682
0.327 0.97344587353819456
0.328 0.97328430915522557
0.329 0.97312226479405128
0.33 0.97295974057602141
0.331 0.97279673662284383
0.332 0.97263325305658599
0.333 0.97246928999967042
0.334 0.97230484757488045
0.335 0.97213992590535592
0.336 0.97197452511459392
0.337 0.97180864532645006
0.338 0.97164228666513719
0.339 0.97147544925522533
0.34 0.97130813322164233
0.341 0.97114033868967231
0.342 0.97097206578495754
0.343 0.97080331463349634
0.344 0.97063408536164464
0.345 0.97046437809611485
0.346 0.97029419296397579
0.347 0.9701235300926534
0.348 0.96995238960992936
0.349 0.9697807716439425
0.35 0.96960867632318748
0.351 0.96943610377651468
0.352 0.96926305413313152
0.353 0.96908952752260025
0.354 0.96891552407484016
0.355 0.96874104392012472
0.356 0.96856608718908443
0.357 0.96839065401270452
0.358 0.96821474452232537
0.359 0.96803835884964373
0.36 0.96786149712671021
0.361 0.96768415948593134
0.362 0.96750634606006813
0.363 0.96732805698223656
0.364 0.96714929238590774
0.365 0.96697005240490641
0.366 0.96679033717341278
0.367 0.96661014682596091
0.368 0.9664294814974399
0.369 0.96624834132309145
0.37 0.96606672643851299
0.371 0.96588463697965465
0.372 0.96570207308282119
0.373 0.96551903488467106
0.374 0.96533552252221522
0.375 0.96515153613281968
0.376 0.96496707585420227
0.377 0.964782141824436
0.378 0.96459673418194514
0.379 0.96441085306550733
0.38 0.96422449861425386
0.381 0.9640376709676689
0.382 0.96385037026558829
0.383 0.96366259664820131
0.384 0.96347435025604922
0.385 0.96328563123002531
0.386 0.96309643971137615
0.387 0.96290677584169981
0.388 0.96271663976294541
0.389 0.96252603161741568
0.39 0.96233495154776383
0.391 0.96214339969699458
0.392 0.96195137620846538
0.393 0.96175888122588427
0.394 0.96156591489330978
0.395 0.9613724773551533
0.396 0.96117856875617547
0.397 0.96098418924148921
0.398 0.96078933895655727
0.399 0.96059401804719424
0.4 0.96039822665956343
0.401 0.96020196494017995
0.402 0.96000523303590946
0.403 0.95980803109396606
0.404 0.95961035926191596
0.405 0.95941221768767371
0.406 0.95921360651950449
0.407 0.95901452590602321
0.408 0.95881497599619336
0.409 0.95861495693932941
0.41 0.95841446888509385
0.411 0.95821351198349869
0.412 0.95801208638490554
0.413 0.95781019224002384
0.414 0.9576078296999132
0.415 0.95740499891598063
0.416 0.95720170003998273
0.417 0.95699793322402338
0.418 0.95679369862055619
0.419 0.95658899638238193
0.42 0.95638382666264943
0.421 0.95617818961485601
0.422 0.95597208539284617
0.423 0.95576551415081257
0.424 0.9555584760432948
0.425 0.9553509712251812
0.426 0.95514299985170525
0.427 0.9549345620784494
0.428 0.95472565806134224
0.429 0.95451628795665966
0.43 0.95430645192102392
0.431 0.95409615011140425
0.432 0.95388538268511636
0.433 0.95367414979982223
0.434 0.95346245161352994
0.435 0.95325028828459346
0.436 0.9530376599717133
0.437 0.95282456683393602
0.438 0.95261100903065254
0.439 0.95239698672160122
0.44 0.952182500066864
0.441 0.95196754922686933
0.442 0.95175213436239092
0.443 0.95153625563454669
0.444 0.95131991320480014
0.445 0.95110310723495917
0.446 0.9508858378871764
0.447 0.95066810532394885
0.448 0.95044990970811849
0.449 0.95023125120287089
0.45 0.95001212997173579
0.451 0.94979254617858688
0.452 0.94957249998764226
0.453 0.94935199156346317
0.454 0.94913102107095404
0.455 0.9489095886753639
0.456 0.94868769454228385
0.457 0.94846533883764839
0.458 0.94824252172773571
0.459 0.94801924337916632
0.46 0.94779550395890333
0.461 0.94757130363425246
0.462 0.9473466425728625
0.463 0.94712152094272362
0.464 0.94689593891216883
0.465 0.94666989664987311
0.466 0.9464433943248528
0.467 0.94621643210646689
0.468 0.94598901016441483
0.469 0.94576112866873829
0.47 0.94553278778982008
0.471 0.94530398769838497
0.472 0.94507472856549679
0.473 0.94484501056256254
0.474 0.94461483386132805
0.475 0.94438419863388079
0.476 0.94415310505264904
0.477 0.94392155329040062
0.478 0.94368954352024359
0.479 0.94345707591562655
0.48 0.94322415065033793
0.481 0.94299076789850478
0.482 0.94275692783459553
0.483 0.94252263063341657
0.484 0.94228787647011469
0.485 0.94205266552017486
0.486 0.94181699795942209
0.487 0.94158087396401902
0.488 0.94134429371046857
0.489 0.94110725737561096
0.49 0.94086976513662546
0.491 0.94063181717102917
0.492 0.94039341365667806
0.493 0.94015455477176513
0.494 0.93991524069482169
0.495 0.93967547160471732
0.496 0.93943524768065823
0.497 0.93919456910218868
0.498 0.93895343604918935
0.499 0.93871184870187918
0.5 0.93846980724081297
0.501 0.93822731184688302
0.502 0.93798436270131746
0.503 0.93774095998568252
0.504 0.9374971038818789
0.505 0.9372527945721445
0.506 0.93700803223905338
0.507 0.9367628170655149
0.508 0.93651714923477447
0.509 0.93627102893041325
0.51 0.9360244563363469
0.511 0.93577743163682836
0.512 0.93552995501644387
0.513 0.9352820266601144
0.514 0.93503364675309775
0.515 0.93478481548098435
0.516 0.93453553302970038
0.517 0.93428579958550606
0.518 0.93403561533499546
0.519 0.93378498046509628
0.52 0.93353389516307195
0.521 0.93328235961651784
0.522 0.93303037401336364
0.523 0.93277793854187219
0.524 0.93252505339063985
0.525 0.93227171874859571
0.526 0.93201793480500239
0.527 0.93176370174945478
0.528 0.93150901977188061
0.529 0.93125388906254014
0.53 0.93099830981202591
0.531 0.93074228221126254
0.532 0.93048580645150647
0.533 0.93022888272434667
0.534 0.92997151122170318
0.535 0.92971369213582744
0.536 0.92945542565930273
0.537 0.92919671198504339
0.538 0.92893755130629474
0.539 0.92867794381663271
0.54 0.92841788970996475
0.541 0.9281573891805277
0.542 0.92789644242289016
0.543 0.92763504963194976
0.544 0.92737321100293468
0.545 0.92711092673140327
0.546 0.92684819701324306
0.547 0.92658502204467186
0.548 0.92632140202223656
0.549 0.92605733714281291
0.55 0.92579282760360637
0.551 0.92552787360215105
0.552 0.9252624753363099
0.553 0.92499663300427426
0.554 0.92473034680456445
0.555 0.9244636169360283
0.556 0.92419644359784248
0.557 0.92392882698951095
0.558 0.9236607673108661
0.559 0.92339226476206726
0.56 0.92312331954360183
0.561 0.92285393185628406
0.562 0.9225841019012555
0.563 0.92231382987998478
0.564 0.92204311599426669
0.565 0.92177196044622323
0.566 0.92150036343830288
0.567 0.92122832517328002
0.568 0.92095584585425505
0.569 0.92068292568465471
0.57 0.92040956486823167
0.571 0.92013576360906357
0.572 0.91986152211155381
0.573 0.91958684058043061
0.574 0.91931171922074828
0.575 0.91903615823788498
0.576 0.91876015783754417
0.577 0.91848371822575436
0.578 0.91820683960886718
0.579 0.91792952219355917
0.58 0.91765176618683142
0.581 0.91737357179600787
0.582 0.91709493922873742
0.583 0.91681586869299114
0.584 0.91653636039706454
0.585 0.91625641454957596
0.586 0.91597603135946659
0.587 0.9156952110360006
0.588 0.91541395378876511
0.589 0.91513225982766921
0.59 0.91485012936294507
0.591 0.9145675626051456
0.592 0.91428455976514733
0.593 0.91400112105414788
0.594 0.91371724668366638
0.595 0.91343293686554317
0.596 0.91314819181194096
0.597 0.91286301173534212
0.598 0.91257739684855088
0.599 0.91229134736469208
0.6 0.91200486349721066
0.601 0.91171794545987261
0.602 0.91143059346676392
0.603 0.91114280773229028
0.604 0.91085458847117751
0.605 0.91056593589847112
0.606 0.91027685022953575
0.607 0.90998733168005619
0.608 0.90969738046603543
0.609 0.909406996803796
0.61 0.90911618090997892
0.611 0.90882493300154443
0.612 0.90853325329576995
0.613 0.90824114201025241
0.614 0.90794859936290606
0.615 0.90765562557196322
0.616 0.90736222085597396
0.617 0.90706838543380575
0.618 0.90677411952464393
0.619 0.90647942334798981
0.62 0.90618429712366289
0.621 0.90588874107179884
0.622 0.90559275541285
0.623 0.90529634036758488
0.624 0.90499949615708897
0.625 0.90470222300276348
0.626 0.90440452112632475
0.627 0.90410639074980603
0.628 0.90380783209555504
0.629 0.90350884538623499
0.63 0.9032094308448253
0.631 0.90290958869461879
0.632 0.90260931915922404
0.633 0.90230862246256349
0.634 0.90200749882887521
0.635 0.9017059484827098
0.636 0.90140397164893293
0.637 0.90110156855272427
0.638 0.90079873941957656
0.639 0.90049548447529593
0.64 0.90019180394600196
0.641 0.89988769805812774
0.642 0.89958316703841856
0.643 0.8992782111139328
0.644 0.89897283051204135
0.645 0.8986670254604272
0.646 0.89836079618708586
0.647 0.89805414292032415
0.648 0.89774706588876141
0.649 0.89743956532132785
0.65 0.89713164144726554
0.651 0.89682329449612752
0.652 0.89651452469777815
0.653 0.89620533228239163
0.654 0.89589571748045393
0.655 0.89558568052276077
0.656 0.89527522164041851
0.657 0.89496434106484302
0.658 0.89465303902776061
0.659 0.89434131576120668
0.66 0.8940291714975267
0.661 0.89371660646937445
0.662 0.8934036209097137
0.663 0.89309021505181729
0.664 0.89277638912926516
0.665 0.89246214337594765
0.666 0.89214747802606231
0.667 0.8918323933141149
0.668 0.89151688947491947
0.669 0.8912009667435975
0.67 0.89088462535557789
0.671 0.89056786554659717
0.672 0.89025068755269821
0.673 0.88993309161023237
0.674 0.88961507795585637
0.675 0.88929664682653353
0.676 0.8889777984595344
0.677 0.8886585330924347
0.678 0.88833885096311682
0.679 0.88801875230976857
0.68 0.88769823737088316
0.681 0.88737730638525958
0.682 0.88705595959200134
0.683 0.88673419723051783
0.684 0.88641201954052207
0.685 0.88608942676203295
0.686 0.88576641913537224
0.687 0.88544299690116701
0.688 0.88511916030034798
0.689 0.88479490957414941
0.69 0.88447024496410931
0.691 0.88414516671206844
0.692 0.88381967506017189
0.693 0.88349377025086673
0.694 0.88316745252690354
0.695 0.88284072213133469
0.696 0.88251357930751562
0.697 0.88218602429910287
0.698 0.88185805735005618
0.699 0.88152967870463605
0.7 0.8812008886074052
0.701 0.8808716873032274
0.702 0.88054207503726745
0.703 0.88021205205499087
0.704 0.87988161860216541
0.705 0.87955077492485678
0.706 0.87921952126943281
0.707 0.87888785788256119
0.708 0.87855578501120957
0.709 0.87822330290264439
0.71 0.87789041180443295
0.711 0.87755711196444064
0.712 0.87722340363083273
0.713 0.87688928705207336
0.714 0.87655476247692465
0.715 0.87621983015444771
0.716 0.87588449033400184
0.717 0.87554874326524457
0.718 0.87521258919813083
0.719 0.87487602838291356
0.72 0.87453906107014301
0.721 0.87420168751066651
0.722 0.87386390795562896
0.723 0.87352572265647088
0.724 0.87318713186493113
0.725 0.87284813583304321
0.726 0.87250873481313784
0.727 0.87216892905784182
0.728 0.87182871882007706
0.729 0.8714881043530609
0.73 0.87114708591030676
0.731 0.87080566374562318
0.732 0.87046383811311268
0.733 0.87012160926717341
0.734 0.86977897746249777
0.735 0.86943594295407223
0.736 0.86909250599717758
0.737 0.86874866684738827
0.738 0.86840442576057253
0.739 0.86805978299289177
0.74 0.86771473880080163
0.741 0.86736929344104863
0.742 0.86702344717067503
0.743 0.86667720024701278
0.744 0.86633055292768824
0.745 0.86598350547061909
0.746 0.86563605813401501
0.747 0.865288211176377
0.748 0.86493996485649904
0.749 0.86459131943346423
0.75 0.86424227516664853
0.751 0.86389283231571823
0.752 0.86354299114063038
0.753 0.86319275190163158
0.754 0.86284211485925999
0.755 0.86249108027434285
0.756 0.86213964840799773
0.757 0.86178781952163119
0.758 0.86143559387694035
0.759 0.8610829717359092
0.76 0.86072995336081326
0.761 0.86037653901421518
0.762 0.86002272895896648
0.763 0.85966852345820666
0.764 0.85931392277536389
0.765 0.85895892717415379
0.766 0.85860353691857938
0.767 0.85824775227293193
0.768 0.85789157350178857
0.769 0.85753500087001444
0.77 0.85717803464276099
0.771 0.85682067508546633
0.772 0.85646292246385458
0.773 0.8561047770439365
0.774 0.8557462390920082
0.775 0.85538730887465131
0.776 0.8550279866587337
0.777 0.85466827271140711
0.778 0.85430816730010972
0.779 0.85394767069256339
0.78 0.85358678315677461
0.781 0.85322550496103522
0.782 0.85286383637391916
0.783 0.85250177766428659
0.784 0.85213932910127932
0.785 0.85177649095432328
0.786 0.8514132634931284
0.787 0.85104964698768626
0.788 0.85068564170827166
0.789 0.85032124792544261
0.79 0.84995646591003804
0.791 0.84959129593318039
0.792 0.84922573826627257
0.793 0.84885979318100058
0.794 0.84849346094933042
0.795 0.84812674184351011
0.796 0.84775963613606831
0.797 0.84739214409981445
0.798 0.8470242660078382
0.799 0.84665600213351011
0.8 0.84628735275048006
0.801 0.84591831813267837
0.802 0.84554889855431437
0.803 0.84517909428987692
0.804 0.84480890561413435
0.805 0.84443833280213343
0.806 0.84406737612919969
0.807 0.84369603587093711
0.808 0.84332431230322824
0.809 0.84295220570223339
0.81 0.84257971634439
0.811 0.84220684450641414
0.812 0.84183359046529838
0.813 0.84145995449831246
0.814 0.84108593688300359
0.815 0.84071153789719466
0.816 0.8403367578189852
0.817 0.83996159692675121
0.818 0.83958605549914489
0.819 0.83921013381509291
0.82 0.83883383215379848
0.821 0.83845715079473981
0.822 0.83808009001766959
0.823 0.83770265010261613
0.824 0.83732483132988134
0.825 0.8369466339800421
0.826 0.83656805833394887
0.827 0.83618910467272667
0.828 0.83580977327777284
0.829 0.83543006443075951
0.83 0.83504997841363082
0.831 0.83466951550860491
0.832 0.8342886759981708
0.833 0.8339074601650921
0.834 0.83352586829240305
0.835 0.83314390066341026
0.836 0.83276155756169234
0.837 0.83237883927109924
0.838 0.83199574607575189
0.839 0.83161227826004258
0.84 0.83122843610863428
0.841 0.8308442199064604
0.842 0.83045962993872469
0.843 0.83007466649090078
0.844 0.82968932984873267
0.845 0.82930362029823335
0.846 0.82891753812568592
0.847 0.8285310836176415
0.848 0.82814425706092099
0.849 0.82775705874261341
0.85 0.82736948895007723
0.851 0.82698154797093726
0.852 0.8265932360930881
0.853 0.82620455360469058
0.854 0.82581550079417376
0.855 0.82542607795023404
0.856 0.8250362853618346
0.857 0.82464612331820442
0.858 0.82425559210884103
0.859 0.82386469202350576
0.86 0.82347342335222806
0.861 0.82308178638530205
0.862 0.82268978141328752
0.863 0.82229740872700996
0.864 0.82190466861755962
0.865 0.82151156137629067
0.866 0.82111808729482405
0.867 0.82072424666504284
0.868 0.82033003977909524
0.869 0.81993546692939312
0.87 0.81954052840861202
0.871 0.81914522450969096
0.872 0.8187495555258314
0.873 0.81835352175049847
0.874 0.81795712347742
0.875 0.81756036100058493
0.876 0.81716323461424578
0.877 0.8167657446129164
0.878 0.81636789129137244
0.879 0.81596967494465045
0.88 0.81557109586804899
0.881 0.81517215435712687
0.882 0.81477285070770356
0.883 0.81437318521585922
0.884 0.81397315817793459
0.885 0.81357276989052962
0.886 0.81317202065050442
0.887 0.81277091075497809
0.888 0.81236944050132942
0.889 0.81196761018719632
0.89 0.81156542011047406
0.891 0.81116287056931846
0.892 0.81075996186214183
0.893 0.81035669428761503
0.894 0.80995306814466717
0.895 0.80954908373248402
0.896 0.80914474135050884
0.897 0.80874004129844224
0.898 0.80833498387624103
0.899 0.80792956938411842
0.9 0.80752379812254482
0.901 0.80711767039224536
0.902 0.80671118649420193
0.903 0.80630434672965123
0.904 0.80589715140008544
0.905 0.80548960080725174
0.906 0.8050816952531521
0.907 0.80467343504004296
0.908 0.8042648204704349
0.909 0.80385585184709207
0.91 0.8034465294730333
0.911 0.80303685365153066
0.912 0.80262682468610846
0.913 0.80221644288054517
0.914 0.80180570853887145
0.915 0.80139462196537037
0.916 0.80098318346457775
0.917 0.80057139334128069
0.918 0.80015925190051818
0.919 0.79974675944758133
0.92 0.79933391628801176
0.921 0.79892072272760217
0.922 0.79850717907239599
0.923 0.79809328562868764
0.924 0.79767904270302015
0.925 0.79726445060218887
0.926 0.79684950963323675
0.927 0.79643422010345766
0.928 0.79601858232039358
0.929 0.79560259659183596
0.93 0.79518626322582453
0.931 0.79476958253064822
0.932 0.79435255481484313
0.933 0.79393518038719424
0.934 0.79351745955673336
0.935 0.79309939263274021
0.936 0.79268097992474129
0.937 0.79226222174251038
0.938 0.7918431183960678
0.939 0.79142367019567972
0.94 0.79100387745185896
0.941 0.79058374047536439
0.942 0.79016325957720002
0.943 0.78974243506861519
0.944 0.7893212672611043
0.945 0.7888997564664072
0.946 0.78847790299650766
0.947 0.78805570716363382
0.948 0.78763316928025839
0.949 0.78721028965909712
0.95 0.78678706861310987
0.951 0.78636350645549946
0.952 0.7859396034997117
0.953 0.78551536005943601
0.954 0.78509077644860292
0.955 0.78466585298138625
0.956 0.78424058997220103
0.957 0.78381498773570479
0.958 0.78338904658679587
0.959 0.78296276684061439
0.96 0.78253614881254074
0.961 0.78210919281819635
0.962 0.78168189917344366
0.963 0.78125426819438371
0.964 0.78082630019735877
0.965 0.7803979954989505
0.966 0.77996935441597959
0.967 0.77954037726550607
0.968 0.77911106436482858
0.969 0.77868141603148477
0.97 0.77825143258325014
0.971 0.77782111433813861
0.972 0.77739046161440162
0.973 0.77695947473052807
0.974 0.77652815400524478
0.975 0.77609649975751449
0.976 0.77566451230653766
0.977 0.77523219197175064
0.978 0.7747995390728265
0.979 0.77436655392967368
0.98 0.7739332368624362
0.981 0.77349958819149445
0.982 0.77306560823746318
0.983 0.77263129732119229
0.984 0.77219665576376573
0.985 0.7717616838865029
0.986 0.77132638201095605
0.987 0.77089075045891253
0.988 0.77045478955239233
0.989 0.77001849961364877
0.99 0.76958188096516855
0.991 0.76914493392967098
0.992 0.76870765883010772
0.993 0.7682700559896628
0.994 0.76783212573175275
0.995 0.76739386838002466
0.996 0.76695528425835746
0.997 0.76651637369086179
0.998 0.76607713700187863
0.999 0.76563757451597947
1 0.76519768655796649
1.001 0.76475747345287193
1.002 0.76431693552595759
1.003 0.7638760731027151
1.004 0.76343488650886493
1.005 0.76299337607035722
1.006 0.76255154211337017
1.007 0.76210938496431047
1.008 0.76166690494981382
1.009 0.76122410239674287
1.01 0.76078097763218844
1.011 0.76033753098346857
1.012 0.75989376277812859
1.013 0.7594496733439402
1.014 0.75900526300890214
1.015 0.75856053210123942
1.016 0.75811548094940284
1.017 0.75767010988206884
1.018 0.75722441922814021
1.019 0.75677840931674356
1.02 0.75633208047723144
1.021 0.75588543303918077
1.022 0.75543846733239295
1.023 0.75499118368689344
1.024 0.75454358243293163
1.025 0.75409566390097993
1.026 0.75364742842173515
1.027 0.75319887632611615
1.028 0.75275000794526492
1.029 0.75230082361054562
1.03 0.75185132365354534
1.031 0.75140150840607267
1.032 0.75095137820015723
1.033 0.75050093336805124
1.034 0.75005017424222731
1.035 0.74959910115537842
1.036 0.7491477144404195
1.037 0.7486960144304845
1.038 0.74824400145892778
1.039 0.74779167585932349
1.04 0.74733903796546519
1.041 0.74688608811136603
1.042 0.74643282663125665
1.043 0.74597925385958863
1.044 0.74552537013102971
1.045 0.74507117578046711
1.046 0.74461667114300478
1.047 0.7441618565539655
1.048 0.74370673234888773
1.049 0.74325129886352825
1.05 0.74279555643386008
1.051 0.74233950539607207
1.052 0.74188314608657013
1.053 0.7414264788419751
1.054 0.74096950399912431
1.055 0.74051222189507004
1.056 0.74005463286707895
1.057 0.73959673725263364
1.058 0.73913853538943031
1.059 0.73868002761537943
1.06 0.73822121426860532
1.061 0.73776209568744677
1.062 0.73730267221045476
1.063 0.73684294417639407
1.064 0.73638291192424166
1.065 0.73592257579318765
1.066 0.73546193612263433
1.067 0.73500099325219537
1.068 0.73453974752169648
1.069 0.7340781992711749
1.07 0.73361634884087856
1.071 0.73315419657126646
1.072 0.73269174280300831
1.073 0.73222898787698387
1.074 0.73176593213428265
1.075 0.7313025759162044
1.076 0.73083891956425762
1.077 0.73037496342016084
1.078 0.72991070782584055
1.079 0.72944615312343208
1.08 0.72898129965527925
1.081 0.72851614776393392
1.082 0.72805069779215514
1.083 0.72758495008291002
1.084 0.72711890497937237
1.085 0.72665256282492352
1.086 0.72618592396315051
1.087 0.72571898873784713
1.088 0.72525175749301296
1.089 0.72478423057285413
1.09 0.7243164083217809
1.091 0.72384829108440996
1.092 0.72337987920556168
1.093 0.72291117303026242
1.094 0.72244217290374135
1.095 0.72197287917143327
1.096 0.7215032921789748
1.097 0.72103341227220796
1.098 0.72056323979717607
1.099 0.72009277510012726
1.1 0.71962201852751084
1.101 0.7191509704259792
1.102 0.71867963114238587
1.103 0.71820800102378723
1.104 0.7177360804174403
1.105 0.7172638696708038
1.106 0.71679136913153674
1.107 0.71631857914749919
1.108 0.71584550006675152
1.109 0.71537213223755369
1.11 0.71489847600836587
1.111 0.71442453172784737
1.112 0.71395029974485713
1.113 0.71347578040845194
1.114 0.71300097406788843
1.115 0.71252588107262071
1.116 0.71205050177230089
1.117 0.71157483651677889
1.118 0.7110988856561028
1.119 0.71062264954051635
1.12 0.71014612852046177
1.121 0.70966932294657659
1.122 0.70919223316969504
1.123 0.70871485954084756
1.124 0.70823720241125954
1.125 0.70775926213235296
1.126 0.70728103905574391
1.127 0.70680253353324363
1.128 0.70632374591685776
1.129 0.70584467655878669
1.13 0.70536532581142375
1.131 0.70488569402735701
1.132 0.70440578155936728
1.133 0.70392558876042854
1.134 0.7034451159837074
1.135 0.70296436358256409
1.136 0.7024833319105489
1.137 0.70200202132140588
1.138 0.7015204321690699
1.139 0.70103856480766713
1.14 0.70055641959151538
1.141 0.70007399687512251
1.142 0.69959129701318712
1.143 0.69910832036059789
1.144 0.69862506727243323
1.145 0.6981415381039614
1.146 0.69765773321063995
1.147 0.69717365294811506
1.148 0.69668929767222199
1.149 0.69620466773898415
1.15 0.69571976350461295
1.151 0.69523458532550819
1.152 0.69474913355825629
1.153 0.69426340855963165
1.154 0.69377741068659526
1.155 0.69329114029629479
1.156 0.69280459774606407
1.157 0.69231778339342298
1.158 0.69183069759607807
1.159 0.69134334071191983
1.16 0.69085571309902483
1.161 0.6903678151156547
1.162 0.68987964712025474
1.163 0.68939120947145549
1.164 0.68890250252807061
1.165 0.68841352664909783
1.166 0.68792428219371859
1.167 0.6874347695212969
1.168 0.68694498899137979
1.169 0.68645494096369675
1.17 0.68596462579815942
1.171 0.68547404385486121
1.172 0.6849831954940776
1.173 0.68449208107626514
1.174 0.68400070096206089
1.175 0.68350905551228314
1.176 0.68301714508793099
1.177 0.68252497005018253
1.178 0.68203253076039649
1.179 0.68153982758011111
1.18 0.68104686087104382
1.181 0.68055363099509025
1.182 0.68006013831432588
1.183 0.67956638319100338
1.184 0.67907236598755394
1.185 0.67857808706658673
1.186 0.67808354679088811
1.187 0.6775887455234213
1.188 0.67709368362732669
1.189 0.67659836146592123
1.19 0.67610277940269781
1.191 0.67560693780132575
1.192 0.67511083702564922
1.193 0.6746144774396885
1.194 0.67411785940763869
1.195 0.6736209832938691
1.196 0.67312384946292403
1.197 0.67262645827952239
1.198 0.67212881010855541
1.199 0.67163090531508918
1.2 0.67113274426436242
1.201 0.6706343273217874
1.202 0.67013565485294813
1.203 0.66963672722360146
1.204 0.66913754479967658
1.205 0.6686381079472733
1.206 0.66813841703266386
1.207 0.66763847242229157
1.208 0.66713827448277019
1.209 0.66663782358088408
1.21 0.66613712008358783
1.211 0.6656361643580061
1.212 0.66513495677143275
1.213 0.66463349769133151
1.214 0.66413178748533463
1.215 0.66362982652124336
1.216 0.66312761516702723
1.217 0.66262515379082387
1.218 0.66212244276093868
1.219 0.66161948244584468
1.22 0.6611162732141822
1.221 0.66061281543475736
1.222 0.66010910947654478
1.223 0.6596051557086835
1.224 0.65910095450048001
1.225 0.65859650622140531
1.226 0.65809181124109617
1.227 0.65758686992935489
1.228 0.65708168265614775
1.229 0.656576249791606
1.23 0.65607057170602501
1.231 0.65556464876986353
1.232 0.65505848135374434
1.233 0.65455206982845326
1.234 0.65404541456493892
1.235 0.653538515934313
1.236 0.65303137430784897
1.237 0.65252399005698236
1.238 0.65201636355331061
1.239 0.65150849516859277
1.24 0.65100038527474835
1.241 0.65049203424385849
1.242 0.64998344244816375
1.243 0.64947461026006548
1.244 0.64896553805212509
1.245 0.64845622619706311
1.246 0.64794667506775983
1.247 0.64743688503725338
1.248 0.64692685647874215
1.249 0.64641658976558136
1.25 0.64590608527128524
1.251 0.64539534336952509
1.252 0.64488436443412989
1.253 0.64437314883908625
1.254 0.64386169695853623
1.255 0.64335000916677987
1.256 0.6428380858382724
1.257 0.64232592734762506
1.258 0.64181353406960484
1.259 0.64130090637913406
1.26 0.64078804465128991
1.261 0.64027494926130379
1.262 0.63976162058456232
1.263 0.63924805899660508
1.264 0.63873426487312612
1.265 0.63822023858997246
1.266 0.63770598052314453
1.267 0.63719149104879536
1.268 0.63667677054323035
1.269 0.63616181938290706
1.27 0.63564663794443532
1.271 0.63513122660457588
1.272 0.63461558574024135
1.273 0.63409971572849444
1.274 0.63358361694654963
1.275 0.63306728977177029
1.276 0.63255073458167088
1.277 0.63203395175391497
1.278 0.63151694166631589
1.279 0.63099970469683586
1.28 0.63048224122358532
1.281 0.62996455162482401
1.282 0.62944663627895914
1.283 0.62892849556454644
1.284 0.62841012986028832
1.285 0.62789153954503485
1.286 0.6273727249977824
1.287 0.62685368659767504
1.288 0.62633442472400191
1.289 0.62581493975619928
1.29 0.6252952320738473
1.291 0.62477530205667353
1.292 0.62425515008454857
1.293 0.62373477653748932
1.294 0.62321418179565602
1.295 0.62269336623935367
1.296 0.62217233024903007
1.297 0.62165107420527765
1.298 0.62112959848883098
1.299 0.62060790348056794
1.3 0.62008598956150895
1.301 0.61956385711281659
1.302 0.6190415065157947
1.303 0.61851893815188963
1.304 0.61799615240268824
1.305 0.61747314964991906
1.306 0.61694993027544986
1.307 0.61642649466129085
1.308 0.61590284318958988
1.309 0.6153789762426366
1.31 0.6148548942028581
1.311 0.61433059745282226
1.312 0.61380608637523426
1.313 0.61328136135293865
1.314 0.61275642276891773
1.315 0.6122312710062916
1.316 0.61170590644831768
1.317 0.61118032947839118
1.318 0.61065454048004286
1.319 0.61012853983694193
1.32 0.60960232793289182
1.321 0.60907590515183319
1.322 0.60854927187784147
1.323 0.60802242849512833
1.324 0.60749537538803922
1.325 0.60696811294105513
1.326 0.60644064153879096
1.327 0.60591296156599572
1.328 0.60538507340755199
1.329 0.604856977448476
1.33 0.60432867407391655
1.331 0.60380016366915568
1.332 0.60327144661960763
1.333 0.60274252331081868
1.334 0.60221339412846686
1.335 0.60168405945836234
1.336 0.60115451968644495
1.337 0.60062477519878721
1.338 0.60009482638159062
1.339 0.59956467362118804
1.34 0.599034317304041
1.341 0.59850375781674192
1.342 0.59797299554601147
1.343 0.59744203087869974
1.344 0.59691086420178519
1.345 0.59637949590237493
1.346 0.59584792636770334
1.347 0.59531615598513354
1.348 0.5947841851421547
1.349 0.59425201422638452
1.35 0.59371964362556573
1.351 0.59318707372756896
1.352 0.59265430492038962
1.353 0.59212133759215024
1.354 0.59158817213109738
1.355 0.59105480892560369
1.356 0.5905212483641662
1.357 0.58998749083540669
1.358 0.58945353672807055
1.359 0.5889193864310277
1.36 0.58838504033327099
1.361 0.58785049882391704
1.362 0.58731576229220461
1.363 0.58678083112749579
1.364 0.58624570571927448
1.365 0.58571038645714635
1.366 0.5851748737308391
1.367 0.58463916793020176
1.368 0.58410326944520341
1.369 0.58356717866593499
1.37 0.58303089598260704
1.371 0.58249442178555011
1.372 0.58195775646521464
1.373 0.58142090041217043
1.374 0.58088385401710607
1.375 0.58034661767082951
1.376 0.57980919176426571
1.377 0.57927157668845963
1.378 0.57873377283457239
1.379 0.57819578059388332
1.38 0.57765760035778857
1.381 0.57711923251780106
1.382 0.57658067746555053
1.383 0.57604193559278261
1.384 0.57550300729135884
1.385 0.5749638929532559
1.386 0.57442459297056625
1.387 0.57388510773549684
1.388 0.57334543764036905
1.389 0.57280558307761897
1.39 0.57226554443979605
1.391 0.57172532211956395
1.392 0.57118491650969849
1.393 0.57064432800308995
1.394 0.57010355699273951
1.395 0.56956260387176227
1.396 0.5690214690333838
1.397 0.56848015287094267
1.398 0.56793865577788771
1.399 0.56739697814777945
1.4 0.56685512037428853
1.401 0.56631308285119664
1.402 0.56577086597239445
1.403 0.56522847013188338
1.404 0.56468589572377381
1.405 0.56414314314228498
1.406 0.5636002127817451
1.407 0.56305710503659101
1.408 0.56251382030136676
1.409 0.56197035897072545
1.41 0.56142672143942662
1.411 0.56088290810233687
1.412 0.56033891935443081
1.413 0.55979475559078784
1.414 0.55925041720659496
1.415 0.55870590459714398
1.416 0.55816121815783271
1.417 0.55761635828416389
1.418 0.55707132537174553
1.419 0.55652611981628952
1.42 0.55598074201361247
1.421 0.55543519235963479
1.422 0.55488947125038013
1.423 0.55434357908197562
1.424 0.55379751625065132
1.425 0.55325128315273953
1.426 0.55270488018467545
1.427 0.55215830774299546
1.428 0.55161156622433816
1.429 0.55106465602544263
1.43 0.55051757754315034
1.431 0.54997033117440164
1.432 0.54942291731623838
1.433 0.54887533636580177
1.434 0.54832758872033316
1.435 0.54777967477717304
1.436 0.5472315949337605
1.437 0.54668334958763387
1.438 0.54613493913642941
1.439 0.54558636397788196
1.44 0.54503762450982318
1.441 0.54448872113018287
1.442 0.54393965423698754
1.443 0.54339042422836048
1.444 0.5428410315025215
1.445 0.54229147645778608
1.446 0.54174175949256587
1.447 0.54119188100536753
1.448 0.54064184139479343
1.449 0.54009164105953988
1.45 0.53954128039839833
1.451 0.53899075981025379
1.452 0.53844007969408569
1.453 0.53788924044896624
1.454 0.53733824247406115
1.455 0.53678708616862858
1.456 0.53623577193201988
1.457 0.53568430016367752
1.458 0.53513267126313713
1.459 0.53458088563002415
1.46 0.53402894366405695
1.461 0.53347684576504306
1.462 0.53292459233288203
1.463 0.53237218376756246
1.464 0.5318196204691632
1.465 0.53126690283785294
1.466 0.53071403127388894
1.467 0.53016100617761797
1.468 0.52960782794947492
1.469 0.52905449698998319
1.47 0.52850101369975355
1.471 0.52794737847948492
1.472 0.52739359172996314
1.473 0.526839653852061
1.474 0.52628556524673786
1.475 0.52573132631503938
1.476 0.52517693745809713
1.477 0.52462239907712804
1.478 0.5240677115734349
1.479 0.52351287534840474
1.48 0.52295789080350941
1.481 0.52240275834030547
1.482 0.52184747836043266
1.483 0.52129205126561518
1.484 0.52073647745765983
1.485 0.52018075733845648
1.486 0.51962489130997813
1.487 0.5190688797742794
1.488 0.5185127231334975
1.489 0.51795642178985102
1.49 0.5173999761456396
1.491 0.51684338660324414
1.492 0.51628665356512649
1.493 0.51572977743382808
1.494 0.51517275861197109
1.495 0.51461559750225694
1.496 0.51405829450746665
1.497 0.51350085003045975
1.498 0.51294326447417515
1.499 0.51238553824162958
1.5 0.51182767173591814
1.501 0.51126966536021312
1.502 0.51071151951776494
1.503 0.51015323461190032
1.504 0.50959481104602322
1.505 0.50903624922361335
1.506 0.50847754954822755
1.507 0.50791871242349684
1.508 0.50735973825312919
1.509 0.50680062744090637
1.51 0.50624138039068556
1.511 0.50568199750639831
1.512 0.50512247919204989
1.513 0.50456282585171963
1.514 0.50400303788956025
1.515 0.50344311570979716
1.516 0.50288305971672898
1.517 0.50232287031472611
1.518 0.50176254790823205
1.519 0.50120209290176121
1.52 0.50064150569989951
1.521 0.50008078670730427
1.522 0.49951993632870356
1.523 0.4989589549688952
1.524 0.49839784303274826
1.525 0.49783660092520043
1.526 0.49727522905125976
1.527 0.49671372781600276
1.528 0.49615209762457502
1.529 0.49559033888219023
1.53 0.49502845199413087
1.531 0.49446643736574641
1.532 0.49390429540245434
1.533 0.49334202650973907
1.534 0.4927796310931517
1.535 0.49221710955830994
1.536 0.49165446231089738
1.537 0.49109168975666367
1.538 0.49052879230142388
1.539 0.48996577035105804
1.54 0.4894026243115111
1.541 0.48883935458879257
1.542 0.48827596158897579
1.543 0.48771244571819822
1.544 0.48714880738266036
1.545 0.48658504698862676
1.546 0.48602116494242348
1.547 0.48545716165044023
1.548 0.48489303751912788
1.549 0.48432879295500014
1.55 0.48376442836463113
1.551 0.483199944154657
1.552 0.48263534073177405
1.553 0.48207061850273963
1.554 0.48150577787437071
1.555 0.48094081925354465
1.556 0.4803757430471976
1.557 0.47981054966232561
1.558 0.4792452395059828
1.559 0.4786798129852825
1.56 0.47811427050739541
1.561 0.47754861247955105
1.562 0.47698283930903534
1.563 0.47641695140319251
1.564 0.47585094916942228
1.565 0.47528483301518215
1.566 0.47471860334798494
1.567 0.47415226057539955
1.568 0.47358580510505049
1.569 0.47301923734461748
1.57 0.47245255770183453
1.571 0.47188576658449094
1.572 0.47131886440042947
1.573 0.47075185155754723
1.574 0.4701847284637945
1.575 0.46961749552717491
1.576 0.46905015315574483
1.577 0.46848270175761314
1.578 0.46791514174094079
1.579 0.46734747351394096
1.58 0.46677969748487791
1.581 0.46621181406206719
1.582 0.46564382365387502
1.583 0.46507572666871855
1.584 0.46450752351506469
1.585 0.46393921460143056
1.586 0.46337080033638234
1.587 0.46280228112853578
1.588 0.46223365738655492
1.589 0.46166492951915317
1.59 0.46109609793509138
1.591 0.46052716304317837
1.592 0.45995812525227053
1.593 0.4593889849712719
1.594 0.45881974260913228
1.595 0.45825039857484895
1.596 0.457680953277465
1.597 0.45711140712606918
1.598 0.45654176052979584
1.599 0.45597201389782493
1.6 0.45540216763938063
1.601 0.45483222216373198
1.602 0.4542621778801918
1.603 0.45369203519811757
1.604 0.45312179452690898
1.605 0.45255145627601018
1.606 0.45198102085490732
1.607 0.4514104886731295
1.608 0.45083986014024763
1.609 0.45026913566587468
1.61 0.44969831565966512
1.611 0.4491274005313145
1.612 0.44855639069055897
1.613 0.44798528654717584
1.614 0.44741408851098191
1.615 0.44684279699183405
1.616 0.44627141239962859
1.617 0.44569993514430134
1.618 0.44512836563582636
1.619 0.44455670428421656
1.62 0.44398495149952305
1.621 0.44341310769183467
1.622 0.44284117327127737
1.623 0.4422691486480152
1.624 0.4416970342322481
1.625 0.4411248304342128
1.626 0.44055253766418218
1.627 0.4399801563324654
1.628 0.43940768684940618
1.629 0.43883512962538423
1.63 0.4382624850708135
1.631 0.43768975359614293
1.632 0.43711693561185488
1.633 0.43654403152846655
1.634 0.43597104175652762
1.635 0.43539796670662156
1.636 0.4348248067893643
1.637 0.43425156241540458
1.638 0.43367823399542266
1.639 0.4331048219401315
1.64 0.43253132666027477
1.641 0.43195774856662761
1.642 0.43138408806999584
1.643 0.430810345581216
1.644 0.43023652151115438
1.645 0.42966261627070756
1.646 0.42908863027080091
1.647 0.42851456392238957
1.648 0.42794041763645707
1.649 0.42736619182401592
1.65 0.4267918868961057
1.651 0.42621750326379521
1.652 0.42564304133817954
1.653 0.4250685015303815
1.654 0.42449388425155038
1.655 0.42391918991286215
1.656 0.42334441892551872
1.657 0.42276957170074825
1.658 0.42219464864980349
1.659 0.42161965018396319
1.66 0.42104457671453011
1.661 0.42046942865283221
1.662 0.41989420641022085
1.663 0.41931891039807173
1.664 0.41874354102778361
1.665 0.41816809871077887
1.666 0.4175925838585019
1.667 0.41701699688242017
1.668 0.41644133819402285
1.669 0.41586560820482099
1.67 0.4152898073263474
1.671 0.4147139359701556
1.672 0.41413799454782002
1.673 0.41356198347093531
1.674 0.41298590315111677
1.675 0.41240975399999891
1.676 0.41183353642923565
1.677 0.41125725085050041
1.678 0.41068089767548538
1.679 0.41010447731590038
1.68 0.40952799018347458
1.681 0.40895143668995354
1.682 0.40837481724710145
1.683 0.4077981322666987
1.684 0.40722138216054288
1.685 0.4066445673404479
1.686 0.40606768821824385
1.687 0.40549074520577627
1.688 0.40491373871490638
1.689 0.40433666915751026
1.69 0.40375953694547906
1.691 0.40318234249071805
1.692 0.40260508620514673
1.693 0.40202776850069788
1.694 0.40145038978931868
1.695 0.40087295048296817
1.696 0.40029545099361902
1.697 0.39971789173325595
1.698 0.39914027311387584
1.699 0.39856259554748685
1.7 0.39798485944610945
1.701 0.39740706522177427
1.702 0.39682921328652332
1.703 0.39625130405240844
1.704 0.39567333793149195
1.705 0.39509531533584547
1.706 0.39451723667755084
1.707 0.39393910236869767
1.708 0.39336091282138563
1.709 0.39278266844772169
1.71 0.39220436965982147
1.711 0.39162601686980825
1.712 0.39104761048981229
1.713 0.39046915093197149
1.714 0.38989063860842993
1.715 0.38931207393133832
1.716 0.38873345731285369
1.717 0.38815478916513785
1.718 0.38757606990035909
1.719 0.38699729993068993
1.72 0.38641847966830822
1.721 0.38583960952539548
1.722 0.38526068991413792
1.723 0.38468172124672473
1.724 0.38410270393534951
1.725 0.3835236383922076
1.726 0.38294452502949822
1.727 0.38236536425942197
1.728 0.38178615649418246
1.729 0.38120690214598385
1.73 0.3806276016270328
1.731 0.38004825534953607
1.732 0.37946886372570166
1.733 0.37888942716773766
1.734 0.37830994608785246
1.735 0.37773042089825354
1.736 0.37715085201114873
1.737 0.37657123983874352
1.738 0.37599158479324346
1.739 0.37541188728685138
1.74 0.37483214773176887
1.741 0.37425236654019467
1.742 0.37367254412432527
1.743 0.37309268089635367
1.744 0.3725127772684701
1.745 0.37193283365286084
1.746 0.37135285046170813
1.747 0.37077282810718981
1.748 0.37019276700147968
1.749 0.3696126675567456
1.75 0.36903253018515075
1.751 0.3684523552988524
1.752 0.36787214331000201
1.753 0.3672918946307443
1.754 0.36671160967321798
1.755 0.36613128884955398
1.756 0.3655509325718766
1.757 0.36497054125230199
1.758 0.36439011530293852
1.759 0.36380965513588609
1.76 0.36322916116323628
1.761 0.36264863379707091
1.762 0.3620680734494634
1.763 0.36148748053247659
1.764 0.36090685545816426
1.765 0.36032619863856891
1.766 0.35974551048572306
1.767 0.35916479141164775
1.768 0.35858404182835285
1.769 0.3580032621478369
1.77 0.3574224527820859
1.771 0.35684161414307369
1.772 0.35626074664276153
1.773 0.3556798506930976
1.774 0.35509892670601667
1.775 0.35451797509343991
1.776 0.35393699626727465
1.777 0.35335599063941325
1.778 0.3527749586217343
1.779 0.35219390062610056
1.78 0.35161281706435993
1.781 0.35103170834834446
1.782 0.35045057488987019
1.783 0.34986941710073671
1.784 0.34928823539272746
1.785 0.34870703017760796
1.786 0.34812580186712699
1.787 0.34754455087301578
1.788 0.34696327760698714
1.789 0.34638198248073548
1.79 0.34580066590593728
1.791 0.34521932829424889
1.792 0.34463797005730817
1.793 0.34405659160673308
1.794 0.3434751933541213
1.795 0.34289377571105051
1.796 0.34231233908907749
1.797 0.34173088389973821
1.798 0.34114941055454684
1.799 0.34056791946499682
1.8 0.33998641104255828
1.801 0.33940488569868016
1.802 0.33882334384478802
1.803 0.33824178589228465
1.804 0.33766021225254961
1.805 0.33707862333693861
1.806 0.33649701955678324
1.807 0.33591540132339121
1.808 0.33533376904804491
1.809 0.33475212314200242
1.81 0.33417046401649581
1.811 0.33358879208273218
1.812 0.33300710775189174
1.813 0.33242541143512933
1.814 0.33184370354357229
1.815 0.33126198448832161
1.816 0.33068025468045059
1.817 0.33009851453100492
1.818 0.32951676445100225
1.819 0.32893500485143207
1.82 0.32835323614325501
1.821 0.32777145873740293
1.822 0.32718967304477797
1.823 0.32660787947625314
1.824 0.3260260784426709
1.825 0.32544427035484391
1.826 0.32486245562355393
1.827 0.32428063465955159
1.828 0.32369880787355643
1.829 0.32311697567625636
1.83 0.32253513847830689
1.831 0.32195329669033207
1.832 0.321371450722922
1.833 0.32078960098663534
1.834 0.32020774789199608
1.835 0.31962589184949558
1.836 0.31904403326959052
1.837 0.31846217256270376
1.838 0.31788031013922308
1.839 0.31729844640950189
1.84 0.31671658178385742
1.841 0.31613471667257237
1.842 0.31555285148589252
1.843 0.31497098663402789
1.844 0.31438912252715173
1.845 0.31380725957540029
1.846 0.31322539818887252
1.847 0.31264353877763001
1.848 0.31206168175169585
1.849 0.31147982752105557
1.85 0.31089797649565543
1.851 0.31031612908540329
1.852 0.3097342857001672
1.853 0.30915244674977621
1.854 0.30857061264401892
1.855 0.30798878379264394
1.856 0.30740696060535905
1.857 0.30682514349183154
1.858 0.30624333286168692
1.859 0.3056615291245095
1.86 0.3050797326898414
1.861 0.30449794396718283
1.862 0.30391616336599103
1.863 0.30333439129568068
1.864 0.30275262816562282
1.865 0.30217087438514539
1.866 0.30158913036353213
1.867 0.30100739651002262
1.868 0.3004256732338117
1.869 0.29984396094404991
1.87 0.29926226004984174
1.871 0.29868057096024697
1.872 0.29809889408427864
1.873 0.29751722983090445
1.874 0.29693557860904468
1.875 0.29635394082757366
1.876 0.29577231689531769
1.877 0.29519070722105617
1.878 0.29460911221352026
1.879 0.29402753228139311
1.88 0.29344596783330917
1.881 0.2928644192778545
1.882 0.29228288702356531
1.883 0.29170137147892888
1.884 0.29111987305238224
1.885 0.2905383921523127
1.886 0.28995692918705657
1.887 0.28937548456489981
1.888 0.28879405869407687
1.889 0.28821265198277107
1.89 0.28763126483911355
1.891 0.28704989767118355
1.892 0.28646855088700768
1.893 0.28588722489456014
1.894 0.28530592010176137
1.895 0.28472463691647898
1.896 0.28414337574652632
1.897 0.28356213699966315
1.898 0.28298092108359418
1.899 0.28239972840596994
1.9 0.28181855937438538
1.901 0.28123741439638039
1.902 0.28065629387943886
1.903 0.28007519823098886
1.904 0.27949412785840161
1.905 0.27891308316899227
1.906 0.27833206457001819
1.907 0.27775107246867997
1.908 0.27717010727212016
1.909 0.27658916938742339
1.91 0.27600825922161559
1.911 0.27542737718166455
1.912 0.27484652367447854
1.913 0.2742656991069069
1.914 0.27368490388573874
1.915 0.27310413841770381
1.916 0.27252340310947099
1.917 0.27194269836764878
1.918 0.2713620245987845
1.919 0.27078138220936449
1.92 0.27020077160581313
1.921 0.26962019319449271
1.922 0.26903964738170372
1.923 0.26845913457368342
1.924 0.26787865517660681
1.925 0.26729820959658479
1.926 0.26671779823966557
1.927 0.26613742151183239
1.928 0.26555707981900539
1.929 0.26497677356703908
1.93 0.26439650316172369
1.931 0.26381626900878402
1.932 0.26323607151387929
1.933 0.26265591108260283
1.934 0.26207578812048188
1.935 0.26149570303297681
1.936 0.26091565622548157
1.937 0.26033564810332255
1.938 0.25975567907175895
1.939 0.25917574953598166
1.94 0.25859585990111389
1.941 0.25801601057221007
1.942 0.25743620195425587
1.943 0.25685643445216777
1.944 0.25627670847079287
1.945 0.25569702441490844
1.946 0.25511738268922168
1.947 0.25453778369836905
1.948 0.25395822784691685
1.949 0.25337871553935942
1.95 0.25279924718012053
1.951 0.25221982317355163
1.952 0.25164044392393237
1.953 0.25106110983546981
1.954 0.25048182131229862
1.955 0.24990257875847988
1.956 0.24932338257800199
1.957 0.24874423317477898
1.958 0.24816513095265133
1.959 0.24758607631538487
1.96 0.24700706966667119
1.961 0.24642811141012622
1.962 0.24584920194929122
1.963 0.24527034168763143
1.964 0.24469153102853639
1.965 0.244112770375319
1.966 0.24353406013121595
1.967 0.24295540069938654
1.968 0.24237679248291333
1.969 0.24179823588480082
1.97 0.24121973130797608
1.971 0.24064127915528741
1.972 0.24006287982950514
1.973 0.23948453373332004
1.974 0.23890624126934445
1.975 0.2383280028401106
1.976 0.23774981884807114
1.977 0.23717168969559846
1.978 0.23659361578498456
1.979 0.23601559751844051
1.98 0.23543763529809633
1.981 0.23485972952600057
1.982 0.23428188060411997
1.983 0.23370408893433914
1.984 0.23312635491846048
1.985 0.23254867895820314
1.986 0.23197106145520394
1.987 0.23139350281101562
1.988 0.23081600342710767
1.989 0.23023856370486523
1.99 0.22966118404558936
1.991 0.22908386485049617
1.992 0.22850660652071714
1.993 0.22792940945729792
1.994 0.22735227406119907
1.995 0.22677520073329469
1.996 0.22619818987437304
1.997 0.22562124188513538
1.998 0.22504435716619633
1.999 0.22446753611808312
2 0.22389077914123562
2.001 0.22331408663600547
2.002 0.22273745900265607
2.003 0.22216089664136288
2.004 0.22158439995221221
2.005 0.22100796933520081
2.006 0.22043160519023611
2.007 0.21985530791713634
2.008 0.21927907791562881
2.009 0.2187029155853509
2.01 0.21812682132584865
2.011 0.2175507955365778
2.012 0.2169748386169022
2.013 0.21639895096609385
2.014 0.21582313298333272
2.015 0.21524738506770699
2.016 0.21467170761821164
2.017 0.21409610103374849
2.018 0.21352056571312639
2.019 0.21294510205506065
2.02 0.21236971045817216
2.021 0.21179439132098785
2.022 0.21121914504193973
2.023 0.21064397201936549
2.024 0.21006887265150723
2.025 0.20949384733651114
2.026 0.20891889647242784
2.027 0.20834402045721229
2.028 0.20776921968872195
2.029 0.2071944945647182
2.03 0.20661984548286472
2.031 0.20604527284072824
2.032 0.20547077703577749
2.033 0.20489635846538301
2.034 0.20432201752681675
2.035 0.20374775461725256
2.036 0.20317357013376458
2.037 0.20259946447332788
2.038 0.20202543803281764
2.039 0.20145149120900949
2.04 0.20087762439857834
2.041 0.20030383799809851
2.042 0.19973013240404303
2.043 0.19915650801278451
2.044 0.19858296522059343
2.045 0.19800950442363827
2.046 0.1974361260179851
2.047 0.19686283039959854
2.048 0.19628961796433911
2.049 0.1957164891079646
2.05 0.19514344422612945
2.051 0.19457048371438404
2.052 0.19399760796817522
2.053 0.1934248173828445
2.054 0.19285211235362934
2.055 0.19227949327566154
2.056 0.19170696054396844
2.057 0.19113451455347066
2.058 0.19056215569898349
2.059 0.1899898843752153
2.06 0.18941770097676874
2.061 0.18884560589813854
2.062 0.18827359953371259
2.063 0.18770168227777101
2.064 0.18712985452448647
2.065 0.18655811666792294
2.066 0.18598646910203614
2.067 0.1854149122206723
2.068 0.18484344641756983
2.069 0.18427207208635635
2.07 0.18370078962055039
2.071 0.1831295994135598
2.072 0.18255850185868294
2.073 0.18198749734910666
2.074 0.18141658627790685
2.075 0.18084576903804803
2.076 0.18027504602238381
2.077 0.17970441762365491
2.078 0.17913388423449003
2.079 0.17856344624740497
2.08 0.17799310405480351
2.081 0.17742285804897548
2.082 0.17685270862209701
2.083 0.17628265616623059
2.084 0.17571270107332509
2.085 0.17514284373521422
2.086 0.17457308454361695
2.087 0.17400342389013698
2.088 0.17343386216626358
2.089 0.17286439976336912
2.09 0.17229503707271049
2.091 0.17172577448542772
2.092 0.17115661239254543
2.093 0.17058755118496979
2.094 0.1700185912534905
2.095 0.16944973298877905
2.096 0.16888097678139002
2.097 0.16831232302175897
2.098 0.16774377210020286
2.099 0.16717532440692004
2.1 0.16660698033199026
2.101 0.16603874026537271
2.102 0.16547060459690771
2.103 0.16490257371631475
2.104 0.16433464801319367
2.105 0.16376682787702318
2.106 0.16319911369716095
2.107 0.16263150586284325
2.108 0.16206400476318528
2.109 0.16149661078717961
2.11 0.1609293243236968
2.111 0.16036214576148486
2.112 0.1597950754891691
2.113 0.15922811389525154
2.114 0.15866126136811032
2.115 0.15809451829600019
2.116 0.15752788506705209
2.117 0.15696136206927166
2.118 0.15639494969054063
2.119 0.15582864831861512
2.12 0.15526245834112634
2.121 0.15469638014557971
2.122 0.15413041411935452
2.123 0.15356456064970378
2.124 0.1529988201237544
2.125 0.15243319292850585
2.126 0.15186767945083077
2.127 0.15130228007747359
2.128 0.15073699519505229
2.129 0.15017182519005567
2.13 0.14960677044884432
2.131 0.14904183135764984
2.132 0.14847700830257565
2.133 0.1479123016695951
2.134 0.14734771184455209
2.135 0.14678323921316033
2.136 0.14621888416100401
2.137 0.14565464707353593
2.138 0.14509052833607836
2.139 0.14452652833382224
2.14 0.14396264745182752
2.141 0.14339888607502171
2.142 0.14283524458820065
2.143 0.14227172337602734
2.144 0.14170832282303286
2.145 0.14114504331361463
2.146 0.1405818852320368
2.147 0.14001884896242975
2.148 0.13945593488879071
2.149 0.13889314339498207
2.15 0.1383304748647316
2.151 0.13776792968163226
2.152 0.13720550822914254
2.153 0.13664321089058465
2.154 0.13608103804914531
2.155 0.13551899008787516
2.156 0.13495706738968896
2.157 0.13439527033736406
2.158 0.13383359931354133
2.159 0.13327205470072392
2.16 0.1327106368812781
2.161 0.13214934623743177
2.162 0.13158818315127474
2.163 0.13102714800475809
2.164 0.13046624117969488
2.165 0.12990546305775824
2.166 0.12934481402048234
2.167 0.12878429444926132
2.168 0.12822390472535003
2.169 0.12766364522986234
2.17 0.12710351634377173
2.171 0.12654351844791062
2.172 0.12598365192297084
2.173 0.12542391714950199
2.174 0.12486431450791226
2.175 0.12430484437846732
2.176 0.12374550714129121
2.177 0.12318630317636457
2.178 0.12262723286352538
2.179 0.12206829658246812
2.18 0.12150949471274333
2.181 0.12095082763375871
2.182 0.12039229572477676
2.183 0.11983389936491574
2.184 0.11927563893314906
2.185 0.11871751480830543
2.186 0.11815952736906774
2.187 0.11760167699397299
2.188 0.11704396406141242
2.189 0.11648638894963147
2.19 0.11592895203672801
2.191 0.11537165370065366
2.192 0.11481449431921234
2.193 0.11425747427006136
2.194 0.11370059393070922
2.195 0.11314385367851677
2.196 0.11258725389069631
2.197 0.11203079494431188
2.198 0.11147447721627801
2.199 0.11091830108336009
2.2 0.1103622669221738
2.201 0.10980637510918548
2.202 0.10925062602071074
2.203 0.10869502003291462
2.204 0.10813955752181161
2.205 0.10758423886326554
2.206 0.10702906443298801
2.207 0.10647403460653962
2.208 0.10591914975932851
2.209 0.10536441026661099
2.21 0.10480981650349071
2.211 0.10425536884491826
2.212 0.10370106766569082
2.213 0.10314691334045312
2.214 0.10259290624369512
2.215 0.10203904674975335
2.216 0.10148533523280924
2.217 0.10093177206689095
2.218 0.10037835762587032
2.219 0.099825092283464714
2.22 0.099271976413235513
2.221 0.09871901038858899
2.222 0.098166194582774771
2.223 0.097613529368886134
2.224 0.097061015119859442
2.225 0.096508652208474932
2.226 0.095956441007354634
2.227 0.095404381888963372
2.228 0.094852475225607913
2.229 0.09430072138943732
2.23 0.093749120752441753
2.231 0.093197673686452834
2.232 0.092646380563142561
2.233 0.092095241754024892
2.234 0.091544257630452833
2.235 0.090993428563620207
2.236 0.090442754924560026
2.237 0.089892237084145746
2.238 0.089341875413089009
2.239 0.088791670281941085
2.24 0.088241622061091096
2.241 0.087691731120767419
2.242 0.087141997831036086
2.243 0.086592422561800386
2.244 0.086043005682801418
2.245 0.085493747563617994
2.246 0.084944648573665016
2.247 0.084395709082194056
2.248 0.083846929458293126
2.249 0.083298310070886561
2.25 0.082749851288734008
2.251 0.082201553480430414
2.252 0.081653417014405871
2.253 0.081105442258925894
2.254 0.080557629582090021
2.255 0.080009979351832017
2.256 0.079462491935919602
2.257 0.078915167701954544
2.258 0.078368007017371871
2.259 0.077821010249439243
2.26 0.077274177765257412
2.261 0.076727509931760279
2.262 0.076181007115712948
2.263 0.075634669683713129
2.264 0.075088498002189544
2.265 0.074542492437403463
2.266 0.07399665335544596
2.267 0.073450981122239634
2.268 0.07290547610353712
2.269 0.072360138664922025
2.27 0.071814969171807089
2.271 0.071269967989434954
2.272 0.070725135482877483
2.273 0.070180472017036324
2.274 0.06963597795664099
2.275 0.069091653666250016
2.276 0.068547499510249563
2.277 0.068003515852854746
2.278 0.067459703058107501
2.279 0.066916061489877124
2.28 0.06637259151186016
2.281 0.065829293487580265
2.282 0.065286167780387164
2.283 0.064743214753456763
2.284 0.064200434769790843
2.285 0.063657828192217492
2.286 0.063115395383389394
2.287 0.062573136705784502
2.288 0.062031052521705425
2.289 0.061489143193280034
2.29 0.060947409082459464
2.291 0.060405850551019297
2.292 0.059864467960558235
2.293 0.059323261672499315
2.294 0.058782232048087912
2.295 0.058241379448392236
2.296 0.05770070423430284
2.297 0.057160206766533515
2.298 0.056619887405618907
2.299 0.056079746511915718
2.3 0.055539784445601814
2.301 0.055000001566676796
2.302 0.054460398234960551
2.303 0.053920974810093641
2.304 0.053381731651536465
2.305 0.052842669118570385
2.306 0.052303787570295565
2.307 0.051765087365632026
2.308 0.051226568863318528
2.309 0.050688232421912928
2.31 0.050150078399792096
2.311 0.049612107155150402
2.312 0.049074319046000597
2.313 0.04853671443017292
2.314 0.04799929366531578
2.315 0.047462057108893944
2.316 0.046925005118189353
2.317 0.046388138050300363
2.318 0.045851456262142383
2.319 0.045314960110446154
2.32 0.044778649951758183
2.321 0.044242526142440654
2.322 0.04370658903867132
2.323 0.043170838996442397
2.324 0.042635276371560803
2.325 0.04209990151964773
2.326 0.041564714796139046
2.327 0.041029716556283964
2.328 0.04049490715514522
2.329 0.039960286947598761
2.33 0.039425856288334164
2.331 0.038891615531852976
2.332 0.038357565032469509
2.333 0.037823705144309799
2.334 0.037290036221312731
2.335 0.036756558617228013
2.336 0.036223272685616655
2.337 0.035690178779850951
2.338 0.035157277253114246
2.339 0.034624568458399993
2.34 0.034092052748511896
2.341 0.033559730476063462
2.342 0.033027601993478518
2.343 0.032495667652989751
2.344 0.031963927806638995
2.345 0.031432382806276943
2.346 0.030901033003563141
2.347 0.030369878749965343
2.348 0.029838920396758943
2.349 0.029308158295027271
2.35 0.028777592795661739
2.351 0.028247224249360273
2.352 0.027717053006627815
2.353 0.027187079417775796
2.354 0.026657303832922995
2.355 0.026127726601993116
2.356 0.025598348074716417
2.357 0.02506916860062821
2.358 0.024540188529069903
2.359 0.024011408209187131
2.36 0.023482827989930569
2.361 0.022954448220055178
2.362 0.022426269248120825
2.363 0.021898291422490512
2.364 0.021370515091331307
2.365 0.020842940602613165
2.366 0.020315568304110167
2.367 0.019788398543398429
2.368 0.01926143166785679
2.369 0.018734668024666151
2.37 0.018208107960810467
2.371 0.017681751823074278
2.372 0.017155599958044311
2.373 0.016629652712108017
2.374 0.016103910431454621
2.375 0.015578373462073235
2.376 0.015053042149753683
2.377 0.014527916840085859
2.378 0.014002997878459822
2.379 0.013478285610065156
2.38 0.0129537803798904
2.381 0.012429482532723458
2.382 0.011905392413151347
2.383 0.011381510365559138
2.384 0.010857836734130464
2.385 0.010334371862846577
2.386 0.0098111160954871563
2.387 0.0092880697756288592
2.388 0.0087652332466455589
2.389 0.0082426068517079659
2.39 0.0077201909337841403
2.391 0.0071979858356377791
2.392 0.00667599189982901
2.393 0.0061542094687136338
2.394 0.0056326388844437462
2.395 0.005111280488966103
2.396 0.004590134624022542
2.397 0.0040692016311498994
2.398 0.0035484818516798595
2.399 0.0030279756267378955
2.4 0.0025076832972437909
2.401 0.0019876052039107012
2.402 0.001467741687245939
2.403 0.00094809308754956244
2.404 0.00042865974491459091
2.405 -9.0558000773355348e-05
2.406 -0.00060955980983555134
2.407 -0.0011283453428018696
2.408 -0.0016469142604098913
2.409 -0.0021652662236060338
2.41 -0.0026834008935443751
2.411 -0.0032013179315887367
2.412 -0.0037190169993117014
2.413 -0.0042364977584957346
2.414 -0.0047537598711320178
2.415 -0.0052708029994224213
2.416 -0.005787626805778919
2.417 -0.0063042309528240246
2.418 -0.0068206151033904016
2.419 -0.0073367789205221615
2.42 -0.0078527220674746538
2.421 -0.008368444207714815
2.422 -0.0088839450049206826
2.423 -0.0093992241229830659
2.424 -0.0099142812260047709
2.425 -0.010429115978301226
2.426 -0.010943728044400294
2.427 -0.011458117089043356
2.428 -0.011972282777184831
2.429 -0.012486224773993186
2.43 -0.012999942744849675
2.431 -0.013513436355350799
2.432 -0.014026705271306722
2.433 -0.014539749158742524
2.434 -0.015052567683898137
2.435 -0.015565160513228352
2.436 -0.016077527313403426
2.437 -0.016589667751309635
2.438 -0.017101581494048973
2.439 -0.017613268208938927
2.44 -0.018124727563514426
2.441 -0.018635959225526421
2.442 -0.019146962862943342
2.443 -0.019657738143949787
2.444 -0.020168284736948795
2.445 -0.020678602310560755
2.446 -0.021188690533624273
2.447 -0.021698549075195223
2.448 -0.022208177604548983
2.449 -0.022717575791179251
2.45 -0.023226743304798902
2.451 -0.023735679815339385
2.452 -0.024244384992952273
2.453 -0.024752858508008881
2.454 -0.025261100031100315
2.455 -0.025769109233037664
2.456 -0.026276885784852971
2.457 -0.026784429357798744
2.458 -0.027291739623348878
2.459 -0.027798816253197873
2.46 -0.028305658919262199
2.461 -0.028812267293680093
2.462 -0.029318641048811902
2.463 -0.029824779857239678
2.464 -0.030330683391768466
2.465 -0.030836351325425983
2.466 -0.031341783331463341
2.467 -0.031846979083354009
2.468 -0.032351938254795813
2.469 -0.032856660519709986
2.47 -0.033361145552242247
2.471 -0.033865393026761677
2.472 -0.034369402617862629
2.473 -0.034873174000364139
2.474 -0.035376706849310456
2.475 -0.0358800008399702
2.476 -0.036383055647838503
2.477 -0.036885870948635976
2.478 -0.037388446418309358
2.479 -0.037890781733031176
2.48 -0.038392876569200936
2.481 -0.038894730603444796
2.482 -0.039396343512616325
2.483 -0.039897714973795476
2.484 -0.040398844664290494
2.485 -0.04089973226163706
2.486 -0.041400377443599326
2.487 -0.041900779888168704
2.488 -0.042400939273566196
2.489 -0.042900855278240939
2.49 -0.043400527580871533
2.491 -0.043899955860365165
2.492 -0.044399139795859036
2.493 -0.044898079066720005
2.494 -0.045396773352545099
2.495 -0.04589522233316088
2.496 -0.046393425688625145
2.497 -0.04689138309922615
2.498 -0.047389094245483203
2.499 -0.047886558808146476
2.5 -0.048383776468198039
2.501 -0.048880746906851423
2.502 -0.049377469805552528
2.503 -0.049873944845978575
2.504 -0.050370171710039942
2.505 -0.050866150079879595
2.506 -0.05136187963787351
2.507 -0.051857360066630269
2.508 -0.052352591048992356
2.509 -0.052847572268035936
2.51 -0.053342303407071058
2.511 -0.053836784149641381
2.512 -0.054331014179525627
2.513 -0.054824993180736796
2.514 -0.055318720837523164
2.515 -0.055812196834367271
2.516 -0.056305420855987769
2.517 -0.056798392587338584
2.518 -0.057291111713609864
2.519 -0.057783577920226925
2.52 -0.058275790892852369
2.521 -0.05876775031738482
2.522 -0.059259455879960066
2.523 -0.05975090726695028
2.524 -0.060242104164965553
2.525 -0.060733046260853268
2.526 -0.061223733241698719
2.527 -0.061714164794824569
2.528 -0.062204340607792438
2.529 -0.062694260368402102
2.53 -0.063183923764692201
2.531 -0.06367333048493988
2.532 -0.06416248021766198
2.533 -0.064651372651614442
2.534 -0.065140007475793349
2.535 -0.065628384379433691
2.536 -0.066116503052011624
2.537 -0.066604363183243087
2.538 -0.067091964463085088
2.539 -0.067579306581734666
2.54 -0.068066389229630764
2.541 -0.068553212097453298
2.542 -0.069039774876123922
2.543 -0.069526077256805499
2.544 -0.070012118930903561
2.545 -0.070497899590065596
2.546 -0.070983418926181943
2.547 -0.071468676631384884
2.548 -0.07195367239805027
2.549 -0.072438405918797244
2.55 -0.072922876886488061
2.551 -0.07340708499422853
2.552 -0.073891029935368599
2.553 -0.074374711403502394
2.554 -0.074858129092468445
2.555 -0.075341282696349307
2.556 -0.075824171909473048
2.557 -0.076306796426412499
2.558 -0.076789155941986001
2.559 -0.077271250151256812
2.56 -0.077753078749534577
2.561 -0.078234641432374671
2.562 -0.078715937895578847
2.563 -0.079196967835195212
2.564 -0.079677730947518191
2.565 -0.080158226929089763
2.566 -0.080638455476698526
2.567 -0.081118416287381132
2.568 -0.081598109058420701
2.569 -0.082077533487349155
2.57 -0.082556689271946135
2.571 -0.0830355761102399
2.572 -0.083514193700506431
2.573 -0.083992541741271201
2.574 -0.084470619931308347
2.575 -0.084948427969641596
2.576 -0.085425965555543298
2.577 -0.08590323238853613
2.578 -0.086380228168392539
2.579 -0.08685695259513522
2.58 -0.087333405369036665
2.581 -0.087809586190620417
2.582 -0.088285494760660693
2.583 -0.088761130780183009
2.584 -0.089236493950463389
2.585 -0.089711583973030043
2.586 -0.090186400549662663
2.587 -0.090660943382392875
2.588 -0.09113521217350426
2.589 -0.091609206625533068
2.59 -0.092082926441267948
2.591 -0.092556371323750816
2.592 -0.093029540976275693
2.593 -0.09350243510239091
2.594 -0.093975053405897679
2.595 -0.094447395590851357
2.596 -0.094919461361560722
2.597 -0.095391250422589044
2.598 -0.095862762478754096
2.599 -0.096333997235128324
2.6 -0.096804954397038359
2.601 -0.097275633670066614
2.602 -0.097746034760050504
2.603 -0.098216157373083313
2.604 -0.0986860012155132
2.605 -0.099155565993945011
2.606 -0.099624851415239662
2.607 -0.10009385718651446
2.608 -0.10056258301514294
2.609 -0.10103102860875583
2.61 -0.10149919367524098
2.611 -0.10196707792274354
2.612 -0.10243468105966558
2.613 -0.10290200279466749
2.614 -0.10336904283666754
2.615 -0.10383580089484207
2.616 -0.10430227667862543
2.617 -0.10476846989771114
2.618 -0.1052343802620512
2.619 -0.10570000748185701
2.62 -0.10616535126759846
2.621 -0.10663041133000557
2.622 -0.10709518738006797
2.623 -0.10755967912903509
2.624 -0.10802388628841622
2.625 -0.10848780856998133
2.626 -0.10895144568576091
2.627 -0.10941479734804629
2.628 -0.10987786326938934
2.629 -0.11034064316260352
2.63 -0.1108031367407636
2.631 -0.11126534371720638
2.632 -0.11172726380552955
2.633 -0.1121888967195938
2.634 -0.11265024217352168
2.635 -0.11311129988169838
2.636 -0.11357206955877151
2.637 -0.11403255091965193
2.638 -0.11449274367951345
2.639 -0.11495264755379349
2.64 -0.11541226225819257
2.641 -0.11587158750867528
2.642 -0.11633062302147024
2.643 -0.11678936851307037
2.644 -0.11724782370023253
2.645 -0.11770598829997853
2.646 -0.11816386202959503
2.647 -0.11862144460663399
2.648 -0.11907873574891191
2.649 -0.11953573517451138
2.65 -0.11999244260178053
2.651 -0.12044885774933342
2.652 -0.12090498033604984
2.653 -0.12136081008107634
2.654 -0.12181634670382592
2.655 -0.12227158992397834
2.656 -0.12272653946147992
2.657 -0.1231811950365445
2.658 -0.12363555636965329
2.659 -0.1240896231815551
2.66 -0.12454339519326606
2.661 -0.12499687212607088
2.662 -0.12545005370152218
2.663 -0.12590293964144122
2.664 -0.12635552966791727
2.665 -0.12680782350330905
2.666 -0.12725982087024412
2.667 -0.12771152149161943
2.668 -0.12816292509060068
2.669 -0.12861403139062411
2.67 -0.12906484011539526
2.671 -0.12951535098889019
2.672 -0.12996556373535456
2.673 -0.13041547807930501
2.674 -0.13086509374552877
2.675 -0.13131441045908401
2.676 -0.13176342794529958
2.677 -0.13221214592977615
2.678 -0.13266056413838562
2.679 -0.13310868229727182
2.68 -0.13355650013284984
2.681 -0.13400401737180759
2.682 -0.13445123374110507
2.683 -0.13489814896797481
2.684 -0.13534476277992183
2.685 -0.13579107490472422
2.686 -0.13623708507043336
2.687 -0.136682793005374
2.688 -0.13712819843814364
2.689 -0.13757330109761451
2.69 -0.13801810071293225
2.691 -0.13846259701351676
2.692 -0.1389067897290624
2.693 -0.13935067858953748
2.694 -0.13979426332518574
2.695 -0.14023754366652552
2.696 -0.14068051934435055
2.697 -0.14112319008972926
2.698 -0.14156555563400638
2.699 -0.14200761570880185
2.7 -0.14244937004601194
2.701 -0.14289081837780848
2.702 -0.1433319604366402
2.703 -0.1437727959552321
2.704 -0.14421332466658612
2.705 -0.14465354630398047
2.706 -0.14509346060097128
2.707 -0.14553306729139148
2.708 -0.14597236610935196
2.709 -0.14641135678924069
2.71 -0.14685003906572408
2.711 -0.14728841267374637
2.712 -0.14772647734853042
2.713 -0.148164232825577
2.714 -0.14860167884066608
2.715 -0.14903881512985639
2.716 -0.14947564142948588
2.717 -0.14991215747617109
2.718 -0.15034836300680884
2.719 -0.15078425775857532
2.72 -0.15121984146892664
2.721 -0.15165511387559855
2.722 -0.15209007471660752
2.723 -0.15252472373025044
2.724 -0.15295906065510481
2.725 -0.15339308523002831
2.726 -0.15382679719416054
2.727 -0.15426019628692186
2.728 -0.1546932822480144
2.729 -0.15512605481742095
2.73 -0.15555851373540708
2.731 -0.15599065874251994
2.732 -0.1564224895795891
2.733 -0.1568540059877257
2.734 -0.15728520770832435
2.735 -0.15771609448306187
2.736 -0.15814666605389846
2.737 -0.15857692216307676
2.738 -0.15900686255312321
2.739 -0.15943648696684765
2.74 -0.15986579514734381
2.741 -0.16029478683798859
2.742 -0.16072346178244357
2.743 -0.16115181972465462
2.744 -0.16157986040885183
2.745 -0.1620075835795497
2.746 -0.16243498898154787
2.747 -0.16286207635993083
2.748 -0.16328884546006867
2.749 -0.163715296027616
2.75 -0.16414142780851371
2.751 -0.16456724054898822
2.752 -0.16499273399555189
2.753 -0.16541790789500302
2.754 -0.16584276199442638
2.755 -0.16626729604119334
2.756 -0.16669150978296185
2.757 -0.16711540296767638
2.758 -0.16753897534356896
2.759 -0.16796222665915861
2.76 -0.16838515666325185
2.761 -0.16880776510494241
2.762 -0.16923005173361233
2.763 -0.16965201629893129
2.764 -0.17007365855085746
2.765 -0.17049497823963658
2.766 -0.1709159751158037
2.767 -0.17133664893018213
2.768 -0.17175699943388445
2.769 -0.17217702637831159
2.77 -0.17259672951515431
2.771 -0.17301610859639252
2.772 -0.17343516337429615
2.773 -0.17385389360142417
2.774 -0.17427229903062597
2.775 -0.17469037941504106
2.776 -0.17510813450809934
2.777 -0.17552556406352085
2.778 -0.17594266783531656
2.779 -0.17635944557778838
2.78 -0.17677589704552923
2.781 -0.17719202199342277
2.782 -0.17760782017664464
2.783 -0.17802329135066181
2.784 -0.17843843527123324
2.785 -0.17885325169440916
2.786 -0.17926774037653256
2.787 -0.1796819010742384
2.788 -0.18009573354445438
2.789 -0.18050923754440015
2.79 -0.18092241283158908
2.791 -0.1813352591638267
2.792 -0.18174777629921243
2.793 -0.18215996399613826
2.794 -0.18257182201329028
2.795 -0.182983350109648
2.796 -0.1833945480444851
2.797 -0.18380541557736857
2.798 -0.18421595246816025
2.799 -0.18462615847701638
2.8 -0.18503603336438751
2.801 -0.18544557689101862
2.802 -0.18585478881795015
2.803 -0.1862636689065173
2.804 -0.18667221691835095
2.805 -0.18708043261537649
2.806 -0.18748831575981564
2.807 -0.18789586611418579
2.808 -0.18830308344130023
2.809 -0.18870996750426802
2.81 -0.18911651806649485
2.811 -0.18952273489168264
2.812 -0.18992861774383049
2.813 -0.19033416638723322
2.814 -0.1907393805864834
2.815 -0.19114426010647073
2.816 -0.19154880471238178
2.817 -0.19195301416970112
2.818 -0.19235688824421018
2.819 -0.19276042670198884
2.82 -0.19316362930941483
2.821 -0.19356649583316402
2.822 -0.19396902604021019
2.823 -0.19437121969782609
2.824 -0.19477307657358273
2.825 -0.19517459643535043
2.826 -0.19557577905129786
2.827 -0.19597662418989323
2.828 -0.19637713161990386
2.829 -0.19677730111039696
2.83 -0.19717713243073856
2.831 -0.19757662535059517
2.832 -0.19797577963993299
2.833 -0.19837459506901875
2.834 -0.19877307140841874
2.835 -0.19917120842900024
2.836 -0.19956900590193102
2.837 -0.19996646359867987
2.838 -0.20036358129101597
2.839 -0.20076035875100998
2.84 -0.20115679575103407
2.841 -0.20155289206376134
2.842 -0.20194864746216679
2.843 -0.20234406171952704
2.844 -0.20273913460942089
2.845 -0.20313386590572899
2.846 -0.20352825538263425
2.847 -0.20392230281462193
2.848 -0.20431600797648014
2.849 -0.20470937064329972
2.85 -0.20510239059047383
2.851 -0.20549506759369926
2.852 -0.20588740142897577
2.853 -0.20627939187260685
2.854 -0.20667103870119882
2.855 -0.20706234169166221
2.856 -0.20745330062121117
2.857 -0.20784391526736445
2.858 -0.20823418540794392
2.859 -0.20862411082107646
2.86 -0.20901369128519331
2.861 -0.20940292657903062
2.862 -0.2097918164816284
2.863 -0.21018036077233282
2.864 -0.21056855923079434
2.865 -0.21095641163696893
2.866 -0.21134391777111811
2.867 -0.21173107741380853
2.868 -0.21211789034591294
2.869 -0.21250435634861045
2.87 -0.21289047520338489
2.871 -0.21327624669202755
2.872 -0.21366167059663535
2.873 -0.21404674669961207
2.874 -0.21443147478366795
2.875 -0.21481585463182018
2.876 -0.21519988602739271
2.877 -0.21558356875401688
2.878 -0.21596690259563109
2.879 -0.21634988733648103
2.88 -0.21673252276112043
2.881 -0.21711480865441052
2.882 -0.21749674480152001
2.883 -0.21787833098792611
2.884 -0.21825956699941432
2.885 -0.21864045262207801
2.886 -0.2190209876423192
2.887 -0.21940117184684879
2.888 -0.21978100502268605
2.889 -0.22016048695715973
2.89 -0.22053961743790679
2.891 -0.2209183962528744
2.892 -0.22129682319031846
2.893 -0.22167489803880475
2.894 -0.22205262058720829
2.895 -0.2224299906247143
2.896 -0.22280700794081809
2.897 -0.22318367232532477
2.898 -0.22355998356834955
2.899 -0.22393594146031856
2.9 -0.22431154579196816
2.901 -0.22468679635434566
2.902 -0.22506169293880876
2.903 -0.2254362353370267
2.904 -0.22581042334097948
2.905 -0.22618425674295864
2.906 -0.22655773533556697
2.907 -0.2269308589117188
2.908 -0.22730362726464035
2.909 -0.22767604018786999
2.91 -0.22804809747525734
2.911 -0.22841979892096465
2.912 -0.22879114431946646
2.913 -0.22916213346554978
2.914 -0.22953276615431398
2.915 -0.22990304218117125
2.916 -0.23027296134184688
2.917 -0.23064252343237907
2.918 -0.23101172824911875
2.919 -0.23138057558873065
2.92 -0.23174906524819272
2.921 -0.23211719702479677
2.922 -0.23248497071614785
2.923 -0.23285238612016501
2.924 -0.23321944303508163
2.925 -0.23358614125944485
2.926 -0.23395248059211629
2.927 -0.23431846083227184
2.928 -0.234684081779402
2.929 -0.23504934323331231
2.93 -0.23541424499412231
2.931 -0.23577878686226728
2.932 -0.23614296863849729
2.933 -0.23650679012387793
2.934 -0.23687025111978954
2.935 -0.2372333514279287
2.936 -0.23759609085030722
2.937 -0.2379584691892529
2.938 -0.23832048624740917
2.939 -0.23868214182773598
2.94 -0.239043435733509
2.941 -0.23940436776832089
2.942 -0.23976493773607988
2.943 -0.24012514544101154
2.944 -0.24048499068765788
2.945 -0.24084447328087785
2.946 -0.24120359302584757
2.947 -0.24156234972805976
2.948 -0.24192074319332504
2.949 -0.24227877322777094
2.95 -0.24263643963784318
2.951 -0.24299374223030429
2.952 -0.24335068081223529
2.953 -0.24370725519103484
2.954 -0.24406346517441996
2.955 -0.24441931057042526
2.956 -0.24477479118740428
2.957 -0.2451299068340288
2.958 -0.24548465731928931
2.959 -0.24583904245249477
2.96 -0.24619306204327304
2.961 -0.24654671590157115
2.962 -0.24690000383765551
2.963 -0.24725292566211093
2.964 -0.2476054811858423
2.965 -0.24795767022007362
2.966 -0.24830949257634913
2.967 -0.24866094806653191
2.968 -0.24901203650280559
2.969 -0.2493627576976736
2.97 -0.24971311146395983
2.971 -0.25006309761480761
2.972 -0.25041271596368142
2.973 -0.25076196632436615
2.974 -0.25111084851096721
2.975 -0.25145936233791055
2.976 -0.25180750761994353
2.977 -0.25215528417213384
2.978 -0.25250269180987145
2.979 -0.25284973034886621
2.98 -0.25319639960515022
2.981 -0.25354269939507695
2.982 -0.25388862953532176
2.983 -0.25423418984288099
2.984 -0.25457938013507375
2.985 -0.25492420022954049
2.986 -0.25526864994424447
2.987 -0.25561272909747057
2.988 -0.25595643750782637
2.989 -0.25629977499424189
2.99 -0.25664274137596998
2.991 -0.25698533647258576
2.992 -0.25732756010398744
2.993 -0.25766941209039662
2.994 -0.25801089225235757
2.995 -0.25835200041073764
2.996 -0.25869273638672785
2.997 -0.25903310000184271
2.998 -0.25937309107792034
2.999 -0.25971270943712199
