0 6.66667e-07
5.63265 6.62176e-07
11.2653 6.57714e-07
16.898 6.53283e-07
22.5306 6.48881e-07
28.1633 6.44509e-07
33.7959 6.40165e-07
39.4286 6.35851e-07
45.0612 6.31565e-07
50.6939 6.27308e-07
56.3265 6.23079e-07
61.9592 6.18878e-07
67.5918 6.14706e-07
73.2245 6.10561e-07
78.8571 6.06444e-07
84.4898 6.02355e-07
90.1224 5.98292e-07
95.7551 5.94257e-07
101.388 5.90249e-07
107.02 5.86267e-07
112.653 5.82312e-07
118.286 5.78383e-07
123.918 5.74481e-07
129.551 5.70605e-07
135.184 5.66754e-07
140.816 5.62929e-07
146.449 5.5913e-07
152.082 5.55356e-07
157.714 5.51608e-07
163.347 5.47884e-07
168.98 5.44185e-07
174.612 5.40511e-07
180.245 5.36862e-07
185.877 5.33236e-07
191.51 5.29635e-07
197.143 5.26059e-07
202.775 5.22506e-07
208.408 5.18976e-07
214.041 5.15471e-07
219.673 5.11988e-07
225.306 5.08529e-07
230.939 5.05093e-07
236.571 5.01681e-07
242.204 4.9829e-07
247.837 4.94923e-07
253.469 4.91578e-07
259.102 4.88255e-07
264.735 4.84955e-07
270.367 4.81677e-07
276 4.7842e-07
281.633 4.75186e-07
287.265 4.71973e-07
292.898 4.68781e-07
298.53 4.65611e-07
304.163 4.62462e-07
309.796 4.59335e-07
315.428 4.56228e-07
321.061 4.53142e-07
326.694 4.50076e-07
332.326 4.47031e-07
337.959 4.44006e-07
343.592 4.41002e-07
349.224 4.38018e-07
354.857 4.35054e-07
360.49 4.32109e-07
366.122 4.29184e-07
371.755 4.26279e-07
377.388 4.23394e-07
383.02 4.20527e-07
388.653 4.1768e-07
394.286 4.14852e-07
399.918 4.12043e-07
405.551 4.09253e-07
411.183 4.06481e-07
416.816 4.03728e-07
422.449 4.00993e-07
428.081 3.98277e-07
433.714 3.95579e-07
439.347 3.92899e-07
444.979 3.90237e-07
450.612 3.87593e-07
456.245 3.84966e-07
461.877 3.82357e-07
467.51 3.79766e-07
473.143 3.77192e-07
478.775 3.74635e-07
484.408 3.72096e-07
490.041 3.69573e-07
495.673 3.67067e-07
501.306 3.64578e-07
506.939 3.62106e-07
512.571 3.59651e-07
518.204 3.57212e-07
523.837 3.54789e-07
529.469 3.52382e-07
535.102 3.49992e-07
540.734 3.47618e-07
546.367 3.45259e-07
552 3.42917e-07
557.632 3.4059e-07
563.265 3.38279e-07
568.898 3.35983e-07
574.53 3.33703e-07
580.163 3.31438e-07
585.796 3.29188e-07
591.428 3.26954e-07
597.061 3.24734e-07
602.694 3.22529e-07
608.326 3.20339e-07
613.959 3.18164e-07
619.592 3.16003e-07
625.224 3.13857e-07
630.857 3.11726e-07
636.49 3.09608e-07
642.122 3.07505e-07
647.755 3.05416e-07
653.387 3.03341e-07
659.02 3.0128e-07
664.653 2.99233e-07
670.285 2.972e-07
675.918 2.9518e-07
681.551 2.93174e-07
687.183 2.91181e-07
692.816 2.89202e-07
698.449 2.87236e-07
704.081 2.85283e-07
709.714 2.83344e-07
715.347 2.81417e-07
720.979 2.79504e-07
726.612 2.77603e-07
732.245 2.75715e-07
737.877 2.7384e-07
743.51 2.71977e-07
749.143 2.70127e-07
754.775 2.68289e-07
760.408 2.66464e-07
766.04 2.64651e-07
771.673 2.6285e-07
777.306 2.61062e-07
782.938 2.59285e-07
788.571 2.5752e-07
794.204 2.55768e-07
799.836 2.54027e-07
805.469 2.52297e-07
811.102 2.5058e-07
816.734 2.48874e-07
822.367 2.47179e-07
828 2.45496e-07
833.632 2.43824e-07
839.265 2.42164e-07
844.898 2.40514e-07
850.53 2.38876e-07
856.163 2.37249e-07
861.796 2.35633e-07
867.428 2.34027e-07
873.061 2.32433e-07
878.694 2.30849e-07
884.326 2.29276e-07
889.959 2.27714e-07
895.591 2.26162e-07
901.224 2.2462e-07
906.857 2.23089e-07
912.489 2.21568e-07
918.122 2.20058e-07
923.755 2.18558e-07
929.387 2.17067e-07
935.02 2.15587e-07
940.653 2.14117e-07
946.285 2.12657e-07
951.918 2.11206e-07
957.551 2.09766e-07
963.183 2.08335e-07
968.816 2.06914e-07
974.449 2.05502e-07
980.081 2.041e-07
985.714 2.02707e-07
991.347 2.01324e-07
996.979 1.9995e-07
1002.61 1.98585e-07
1008.24 1.9723e-07
1013.88 1.95884e-07
1019.51 1.94547e-07
1025.14 1.93218e-07
1030.78 1.91899e-07
1036.41 1.90589e-07
1042.04 1.89288e-07
1047.67 1.87995e-07
1053.31 1.86711e-07
1058.94 1.85436e-07
1064.57 1.84169e-07
1070.2 1.82911e-07
1075.84 1.81662e-07
1081.47 1.8042e-07
1087.1 1.79188e-07
1092.73 1.77963e-07
1098.37 1.76747e-07
1104 1.75539e-07
1109.63 1.7434e-07
1115.26 1.73148e-07
1120.9 1.71965e-07
1126.53 1.70789e-07
1132.16 1.69621e-07
1137.8 1.68462e-07
1143.43 1.6731e-07
1149.06 1.66166e-07
1154.69 1.65029e-07
1160.33 1.63901e-07
1165.96 1.6278e-07
1171.59 1.61666e-07
1177.22 1.60561e-07
1182.86 1.59462e-07
1188.49 1.58371e-07
1194.12 1.57288e-07
1199.75 1.56211e-07
1205.39 1.55142e-07
1211.02 1.54081e-07
1216.65 1.53026e-07
1222.29 1.51979e-07
1227.92 1.50938e-07
1233.55 1.49905e-07
1239.18 1.48879e-07
1244.82 1.4786e-07
1250.45 1.46847e-07
1256.08 1.45842e-07
1261.71 1.44843e-07
1267.35 1.43851e-07
1272.98 1.42866e-07
1278.61 1.41887e-07
1284.24 1.40915e-07
1289.88 1.3995e-07
1295.51 1.38991e-07
1301.14 1.38039e-07
1306.77 1.37093e-07
1312.41 1.36153e-07
1318.04 1.3522e-07
1323.67 1.34294e-07
1329.31 1.33373e-07
1334.94 1.32459e-07
1340.57 1.31551e-07
1346.2 1.30649e-07
1351.84 1.29753e-07
1357.47 1.28864e-07
1363.1 1.2798e-07
1368.73 1.27102e-07
1374.37 1.26231e-07
1380 1.25365e-07
1385.63 1.24505e-07
1391.26 1.23651e-07
1396.9 1.22803e-07
1402.53 1.2196e-07
1408.16 1.21123e-07
1413.8 1.20292e-07
1419.43 1.19467e-07
1425.06 1.18647e-07
1430.69 1.17832e-07
1436.33 1.17024e-07
1441.96 1.1622e-07
1447.59 1.15423e-07
1453.22 1.1463e-07
1458.86 1.13843e-07
1464.49 1.13061e-07
1470.12 1.12285e-07
1475.75 1.11514e-07
1481.39 1.10748e-07
1487.02 1.09987e-07
1492.65 1.09232e-07
1498.29 1.08482e-07
1503.92 1.07736e-07
1509.55 1.06996e-07
1515.18 1.06261e-07
1520.82 1.05531e-07
1526.45 1.04806e-07
1532.08 1.04085e-07
1537.71 1.0337e-07
1543.35 1.02659e-07
1548.98 1.01954e-07
1554.61 1.01253e-07
1560.24 1.00557e-07
1565.88 9.98653e-08
1571.51 9.91787e-08
1577.14 9.84967e-08
1582.77 9.78193e-08
1588.41 9.71465e-08
1594.04 9.64784e-08
1599.67 9.58147e-08
1605.31 9.51556e-08
1610.94 9.4501e-08
1616.57 9.38508e-08
1622.2 9.3205e-08
1627.84 9.25637e-08
1633.47 9.19267e-08
1639.1 9.1294e-08
1644.73 9.06657e-08
1650.37 9.00416e-08
1656 8.94218e-08
1661.63 8.88062e-08
1667.26 8.81948e-08
1672.9 8.75875e-08
1678.53 8.69844e-08
1684.16 8.63854e-08
1689.8 8.57905e-08
1695.43 8.51996e-08
1701.06 8.46128e-08
1706.69 8.40299e-08
1712.33 8.34511e-08
1717.96 8.28761e-08
1723.59 8.23051e-08
1729.22 8.1738e-08
1734.86 8.11748e-08
1740.49 8.06154e-08
1746.12 8.00598e-08
1751.75 7.95079e-08
1757.39 7.89599e-08
1763.02 7.84156e-08
1768.65 7.7875e-08
1774.28 7.73381e-08
1779.92 7.68048e-08
1785.55 7.62752e-08
1791.18 7.57492e-08
1796.82 7.52268e-08
1802.45 7.4708e-08
1808.08 7.41926e-08
1813.71 7.36809e-08
1819.35 7.31726e-08
1824.98 7.26677e-08
1830.61 7.21663e-08
1836.24 7.16684e-08
1841.88 7.11738e-08
1847.51 7.06826e-08
1853.14 7.01948e-08
1858.77 6.97103e-08
1864.41 6.92291e-08
1870.04 6.87512e-08
1875.67 6.82765e-08
1881.31 6.78051e-08
1886.94 6.73369e-08
1892.57 6.6872e-08
1898.2 6.64101e-08
1903.84 6.59515e-08
1909.47 6.5496e-08
1915.1 6.50436e-08
1920.73 6.45942e-08
1926.37 6.4148e-08
1932 6.37048e-08
1937.63 6.32646e-08
1943.26 6.28275e-08
1948.9 6.23933e-08
1954.53 6.19621e-08
1960.16 6.15338e-08
1965.8 6.11085e-08
1971.43 6.06861e-08
1977.06 6.02665e-08
1982.69 5.98499e-08
1988.33 5.94361e-08
1993.96 5.90251e-08
1999.59 5.86169e-08
2005.22 5.82115e-08
2010.86 5.78089e-08
2016.49 5.74091e-08
2022.12 5.70119e-08
2027.75 5.66175e-08
2033.39 5.62258e-08
2039.02 5.58368e-08
2044.65 5.54505e-08
2050.28 5.50667e-08
2055.92 5.46857e-08
2061.55 5.43072e-08
2067.18 5.39313e-08
2072.82 5.3558e-08
2078.45 5.31872e-08
2084.08 5.2819e-08
2089.71 5.24533e-08
2095.35 5.20901e-08
2100.98 5.17294e-08
2106.61 5.13712e-08
2112.24 5.10154e-08
2117.88 5.0662e-08
2123.51 5.03111e-08
2129.14 4.99626e-08
2134.77 4.96165e-08
2140.41 4.92727e-08
2146.04 4.89313e-08
2151.67 4.85922e-08
2157.31 4.82555e-08
2162.94 4.79211e-08
2168.57 4.75889e-08
2174.2 4.72591e-08
2179.84 4.69315e-08
2185.47 4.66061e-08
2191.1 4.6283e-08
2196.73 4.59621e-08
2202.37 4.56434e-08
2208 4.53269e-08
2213.63 4.50125e-08
2219.26 4.47003e-08
2224.9 4.43903e-08
2230.53 4.40824e-08
2236.16 4.37765e-08
2241.79 4.34728e-08
2247.43 4.31712e-08
2253.06 4.28716e-08
2258.69 4.25741e-08
2264.33 4.22787e-08
2269.96 4.19852e-08
2275.59 4.16938e-08
2281.22 4.14044e-08
2286.86 4.1117e-08
2292.49 4.08315e-08
2298.12 4.0548e-08
2303.75 4.02665e-08
2309.39 3.99869e-08
2315.02 3.97092e-08
2320.65 3.94334e-08
2326.28 3.91595e-08
2331.92 3.88875e-08
2337.55 3.86173e-08
2343.18 3.83491e-08
2348.82 3.80826e-08
2354.45 3.7818e-08
2360.08 3.75552e-08
2365.71 3.72942e-08
2371.35 3.7035e-08
2376.98 3.67776e-08
2382.61 3.6522e-08
2388.24 3.62681e-08
2393.88 3.60159e-08
2399.51 3.57655e-08
2405.14 3.55169e-08
2410.77 3.52699e-08
2416.41 3.50246e-08
2422.04 3.4781e-08
2427.67 3.45391e-08
2433.31 3.42989e-08
2438.94 3.40603e-08
2444.57 3.38233e-08
2450.2 3.3588e-08
2455.84 3.33543e-08
2461.47 3.31222e-08
2467.1 3.28917e-08
2472.73 3.26628e-08
2478.37 3.24355e-08
2484 3.22097e-08
2489.63 3.19855e-08
2495.26 3.17628e-08
2500.9 3.15417e-08
2506.53 3.1322e-08
2512.16 3.11039e-08
2517.79 3.08873e-08
2523.43 3.06722e-08
2529.06 3.04586e-08
2534.69 3.02464e-08
2540.33 3.00357e-08
2545.96 2.98265e-08
2551.59 2.96187e-08
2557.22 2.94123e-08
2562.86 2.92074e-08
2568.49 2.90038e-08
2574.12 2.88017e-08
2579.75 2.8601e-08
2585.39 2.84016e-08
2591.02 2.82036e-08
2596.65 2.8007e-08
2602.28 2.78117e-08
2607.92 2.76178e-08
2613.55 2.74253e-08
2619.18 2.7234e-08
2624.82 2.70441e-08
2630.45 2.68555e-08
2636.08 2.66681e-08
2641.71 2.64821e-08
2647.35 2.62974e-08
2652.98 2.61139e-08
2658.61 2.59317e-08
2664.24 2.57507e-08
2669.88 2.5571e-08
2675.51 2.53926e-08
2681.14 2.52154e-08
2686.77 2.50394e-08
2692.41 2.48646e-08
2698.04 2.4691e-08
2703.67 2.45186e-08
2709.3 2.43474e-08
2714.94 2.41774e-08
2720.57 2.40086e-08
2726.2 2.38409e-08
2731.84 2.36744e-08
2737.47 2.3509e-08
2743.1 2.33448e-08
2748.73 2.31817e-08
2754.37 2.30198e-08
2760 2.28589e-08
2765.63 2.26992e-08
2771.26 2.25406e-08
2776.9 2.2383e-08
2782.53 2.22266e-08
2788.16 2.20712e-08
2793.79 2.19169e-08
2799.43 2.17637e-08
2805.06 2.16116e-08
2810.69 2.14605e-08
2816.33 2.13104e-08
2821.96 2.11614e-08
2827.59 2.10134e-08
2833.22 2.08664e-08
2838.86 2.07205e-08
2844.49 2.05755e-08
2850.12 2.04316e-08
2855.75 2.02886e-08
2861.39 2.01467e-08
2867.02 2.00057e-08
2872.65 1.98657e-08
2878.28 1.97267e-08
2883.92 1.95886e-08
2889.55 1.94515e-08
2895.18 1.93153e-08
2900.82 1.91801e-08
2906.45 1.90458e-08
2912.08 1.89125e-08
2917.71 1.878e-08
2923.35 1.86485e-08
2928.98 1.85179e-08
2934.61 1.83882e-08
2940.24 1.82594e-08
2945.88 1.81315e-08
2951.51 1.80045e-08
2957.14 1.78783e-08
2962.77 1.77531e-08
2968.41 1.76287e-08
2974.04 1.75051e-08
2979.67 1.73824e-08
2985.3 1.72606e-08
2990.94 1.71396e-08
2996.57 1.70195e-08
3002.2 1.69001e-08
3007.84 1.67817e-08
3013.47 1.6664e-08
3019.1 1.65471e-08
3024.73 1.64311e-08
3030.37 1.63159e-08
3036 1.62014e-08
3041.63 1.60878e-08
3047.26 1.59749e-08
3052.9 1.58628e-08
3058.53 1.57515e-08
3064.16 1.5641e-08
3069.79 1.55313e-08
3075.43 1.54223e-08
3081.06 1.5314e-08
3086.69 1.52065e-08
3092.33 1.50998e-08
3097.96 1.49938e-08
3103.59 1.48885e-08
3109.22 1.4784e-08
3114.86 1.46802e-08
3120.49 1.45771e-08
3126.12 1.44747e-08
3131.75 1.43731e-08
3137.39 1.42721e-08
3143.02 1.41718e-08
3148.65 1.40723e-08
3154.28 1.39734e-08
3159.92 1.38752e-08
3165.55 1.37777e-08
3171.18 1.36809e-08
3176.81 1.35848e-08
3182.45 1.34893e-08
3188.08 1.33945e-08
3193.71 1.33003e-08
3199.35 1.32068e-08
3204.98 1.3114e-08
3210.61 1.30217e-08
3216.24 1.29302e-08
3221.88 1.28392e-08
3227.51 1.27489e-08
3233.14 1.26593e-08
3238.77 1.25702e-08
3244.41 1.24818e-08
3250.04 1.2394e-08
3255.67 1.23068e-08
3261.3 1.22202e-08
3266.94 1.21342e-08
3272.57 1.20488e-08
3278.2 1.1964e-08
3283.84 1.18798e-08
3289.47 1.17962e-08
3295.1 1.17131e-08
3300.73 1.16307e-08
3306.37 1.15488e-08
3312 1.14675e-08
3317.63 1.13867e-08
3323.26 1.13065e-08
3328.9 1.12269e-08
3334.53 1.11478e-08
3340.16 1.10693e-08
3345.79 1.09913e-08
3351.43 1.09138e-08
3357.06 1.08369e-08
3362.69 1.07606e-08
3368.33 1.06848e-08
3373.96 1.06094e-08
3379.59 1.05347e-08
3385.22 1.04604e-08
3390.86 1.03867e-08
3396.49 1.03134e-08
3402.12 1.02407e-08
3407.75 1.01685e-08
3413.39 1.00968e-08
3419.02 1.00256e-08
3424.65 9.9549e-09
3430.28 9.88468e-09
3435.92 9.81496e-09
3441.55 9.74572e-09
3447.18 9.67696e-09
3452.81 9.60868e-09
3458.45 9.54088e-09
3464.08 9.47355e-09
3469.71 9.40669e-09
3475.35 9.3403e-09
3480.98 9.27437e-09
3486.61 9.2089e-09
3492.24 9.14389e-09
3497.88 9.07933e-09
3503.51 9.01522e-09
3509.14 8.95156e-09
3514.77 8.88834e-09
3520.41 8.82557e-09
3526.04 8.76323e-09
3531.67 8.70133e-09
3537.3 8.63986e-09
3542.94 8.57882e-09
3548.57 8.5182e-09
3554.2 8.45801e-09
3559.84 8.39824e-09
3565.47 8.33889e-09
3571.1 8.27995e-09
3576.73 8.22143e-09
3582.37 8.16331e-09
3588 8.1056e-09
3593.63 8.04829e-09
3599.26 7.99138e-09
3604.9 7.93487e-09
3610.53 7.87876e-09
3616.16 7.82303e-09
3621.79 7.7677e-09
3627.43 7.71275e-09
3633.06 7.65819e-09
3638.69 7.60401e-09
3644.32 7.55021e-09
3649.96 7.49678e-09
3655.59 7.44373e-09
3661.22 7.39105e-09
3666.86 7.33874e-09
3672.49 7.28679e-09
3678.12 7.23521e-09
3683.75 7.18399e-09
3689.39 7.13312e-09
3695.02 7.08262e-09
3700.65 7.03246e-09
3706.28 6.98266e-09
3711.92 6.93321e-09
3717.55 6.8841e-09
3723.18 6.83533e-09
3728.81 6.78691e-09
3734.45 6.73883e-09
3740.08 6.69108e-09
3745.71 6.64366e-09
3751.35 6.59658e-09
3756.98 6.54983e-09
3762.61 6.50341e-09
3768.24 6.45731e-09
3773.88 6.41153e-09
3779.51 6.36608e-09
3785.14 6.32094e-09
3790.77 6.27612e-09
3796.41 6.23162e-09
3802.04 6.18742e-09
3807.67 6.14354e-09
3813.3 6.09996e-09
3818.94 6.05669e-09
3824.57 6.01372e-09
3830.2 5.97106e-09
3835.84 5.92869e-09
3841.47 5.88662e-09
3847.1 5.84484e-09
3852.73 5.80336e-09
3858.37 5.76217e-09
3864 5.72127e-09
3869.63 5.68065e-09
3875.26 5.64032e-09
3880.9 5.60027e-09
3886.53 5.56051e-09
3892.16 5.52102e-09
3897.79 5.48181e-09
3903.43 5.44287e-09
3909.06 5.40421e-09
3914.69 5.36582e-09
3920.32 5.3277e-09
3925.96 5.28984e-09
3931.59 5.25226e-09
3937.22 5.21493e-09
3942.86 5.17787e-09
3948.49 5.14107e-09
3954.12 5.10453e-09
3959.75 5.06824e-09
3965.39 5.03221e-09
3971.02 4.99643e-09
3976.65 4.9609e-09
3982.28 4.92563e-09
3987.92 4.8906e-09
3993.55 4.85581e-09
3999.18 4.82127e-09
4004.81 4.78698e-09
4010.45 4.75292e-09
4016.08 4.71911e-09
4021.71 4.68553e-09
4027.35 4.65219e-09
4032.98 4.61908e-09
4038.61 4.58621e-09
4044.24 4.55356e-09
4049.88 4.52115e-09
4055.51 4.48896e-09
4061.14 4.457e-09
4066.77 4.42527e-09
4072.41 4.39376e-09
4078.04 4.36247e-09
4083.67 4.3314e-09
4089.3 4.30055e-09
4094.94 4.26991e-09
4100.57 4.2395e-09
4106.2 4.20929e-09
4111.83 4.1793e-09
4117.47 4.14952e-09
4123.1 4.11995e-09
4128.73 4.09059e-09
4134.37 4.06143e-09
4140 4.03248e-09
4145.63 4.00373e-09
4151.26 3.97519e-09
4156.9 3.94685e-09
4162.53 3.9187e-09
4168.16 3.89076e-09
4173.79 3.86301e-09
4179.43 3.83546e-09
4185.06 3.8081e-09
4190.69 3.78093e-09
4196.32 3.75396e-09
4201.96 3.72718e-09
4207.59 3.70058e-09
4213.22 3.67417e-09
4218.86 3.64795e-09
4224.49 3.62191e-09
4230.12 3.59606e-09
4235.75 3.57039e-09
4241.39 3.5449e-09
4247.02 3.51959e-09
4252.65 3.49446e-09
4258.28 3.4695e-09
4263.92 3.44473e-09
4269.55 3.42012e-09
4275.18 3.39569e-09
4280.81 3.37143e-09
4286.45 3.34735e-09
4292.08 3.32343e-09
4297.71 3.29968e-09
4303.35 3.2761e-09
4308.98 3.25269e-09
4314.61 3.22944e-09
4320.24 3.20636e-09
4325.88 3.18344e-09
4331.51 3.16068e-09
4337.14 3.13808e-09
4342.77 3.11564e-09
4348.41 3.09336e-09
4354.04 3.07124e-09
4359.67 3.04927e-09
4365.3 3.02746e-09
4370.94 3.0058e-09
4376.57 2.9843e-09
4382.2 2.96295e-09
4387.83 2.94175e-09
4393.47 2.92069e-09
4399.1 2.89979e-09
4404.73 2.87904e-09
4410.37 2.85843e-09
4416 2.83796e-09
4421.63 2.81765e-09
4427.26 2.79747e-09
4432.9 2.77744e-09
4438.53 2.75755e-09
4444.16 2.7378e-09
4449.79 2.71819e-09
4455.43 2.69872e-09
4461.06 2.67939e-09
4466.69 2.66019e-09
4472.32 2.64113e-09
4477.96 2.62221e-09
4483.59 2.60342e-09
4489.22 2.58476e-09
4494.86 2.56623e-09
4500.49 2.54783e-09
4506.12 2.52957e-09
4511.75 2.51143e-09
4517.39 2.49343e-09
4523.02 2.47555e-09
4528.65 2.45779e-09
4534.28 2.44017e-09
4539.92 2.42266e-09
4545.55 2.40528e-09
4551.18 2.38803e-09
4556.81 2.3709e-09
4562.45 2.35388e-09
4568.08 2.33699e-09
4573.71 2.32022e-09
4579.34 2.30357e-09
4584.98 2.28703e-09
4590.61 2.27062e-09
4596.24 2.25431e-09
4601.88 2.23813e-09
4607.51 2.22206e-09
4613.14 2.2061e-09
4618.77 2.19026e-09
4624.41 2.17453e-09
4630.04 2.15891e-09
4635.67 2.1434e-09
4641.3 2.128e-09
4646.94 2.11271e-09
4652.57 2.09753e-09
4658.2 2.08245e-09
4663.83 2.06749e-09
4669.47 2.05263e-09
4675.1 2.03787e-09
4680.73 2.02322e-09
4686.37 2.00868e-09
4692 1.99423e-09
4697.63 1.97989e-09
4703.26 1.96565e-09
4708.9 1.95152e-09
4714.53 1.93748e-09
4720.16 1.92354e-09
4725.79 1.9097e-09
4731.43 1.89596e-09
4737.06 1.88232e-09
4742.69 1.86878e-09
4748.32 1.85533e-09
4753.96 1.84197e-09
4759.59 1.82871e-09
4765.22 1.81555e-09
4770.86 1.80248e-09
4776.49 1.7895e-09
4782.12 1.77662e-09
4787.75 1.76382e-09
4793.39 1.75112e-09
4799.02 1.73851e-09
4804.65 1.72598e-09
4810.28 1.71355e-09
4815.92 1.7012e-09
4821.55 1.68894e-09
4827.18 1.67677e-09
4832.81 1.66469e-09
4838.45 1.65269e-09
4844.08 1.64078e-09
4849.71 1.62895e-09
4855.34 1.61721e-09
4860.98 1.60555e-09
4866.61 1.59397e-09
4872.24 1.58247e-09
4877.88 1.57106e-09
4883.51 1.55973e-09
4889.14 1.54848e-09
4894.77 1.53731e-09
4900.41 1.52622e-09
4906.04 1.5152e-09
4911.67 1.50427e-09
4917.3 1.49341e-09
4922.94 1.48263e-09
4928.57 1.47193e-09
4934.2 1.46131e-09
4939.83 1.45076e-09
4945.47 1.44028e-09
4951.1 1.42988e-09
4956.73 1.41956e-09
4962.37 1.4093e-09
4968 1.39912e-09
4973.63 1.38902e-09
4979.26 1.37898e-09
4984.9 1.36902e-09
4990.53 1.35913e-09
4996.16 1.34931e-09
5001.79 1.33956e-09
5007.43 1.32987e-09
5013.06 1.32026e-09
5018.69 1.31072e-09
5024.32 1.30124e-09
5029.96 1.29183e-09
5035.59 1.28249e-09
5041.22 1.27322e-09
5046.85 1.26401e-09
5052.49 1.25486e-09
5058.12 1.24579e-09
5063.75 1.23677e-09
5069.39 1.22783e-09
5075.02 1.21894e-09
5080.65 1.21012e-09
5086.28 1.20136e-09
5091.92 1.19267e-09
5097.55 1.18403e-09
5103.18 1.17546e-09
5108.81 1.16695e-09
5114.45 1.1585e-09
5120.08 1.15011e-09
5125.71 1.14178e-09
5131.34 1.13351e-09
5136.98 1.1253e-09
5142.61 1.11715e-09
5148.24 1.10906e-09
5153.88 1.10102e-09
5159.51 1.09304e-09
5165.14 1.08512e-09
5170.77 1.07726e-09
5176.41 1.06945e-09
5182.04 1.0617e-09
5187.67 1.054e-09
5193.3 1.04636e-09
5198.94 1.03877e-09
5204.57 1.03124e-09
5210.2 1.02376e-09
5215.83 1.01633e-09
5221.47 1.00896e-09
5227.1 1.00164e-09
5232.73 9.94372e-10
5238.37 9.87156e-10
5244 9.79993e-10
5249.63 9.7288e-10
5255.26 9.65819e-10
5260.9 9.58808e-10
5266.53 9.51847e-10
5272.16 9.44937e-10
5277.79 9.38075e-10
5283.43 9.31263e-10
5289.06 9.245e-10
5294.69 9.17785e-10
5300.32 9.11118e-10
5305.96 9.04499e-10
5311.59 8.97928e-10
5317.22 8.91403e-10
5322.85 8.84926e-10
5328.49 8.78494e-10
5334.12 8.72109e-10
5339.75 8.6577e-10
5345.39 8.59476e-10
5351.02 8.53227e-10
5356.65 8.47023e-10
5362.28 8.40864e-10
5367.92 8.34749e-10
5373.55 8.28677e-10
5379.18 8.2265e-10
5384.81 8.16665e-10
5390.45 8.10724e-10
5396.08 8.04825e-10
5401.71 7.98968e-10
5407.34 7.93153e-10
5412.98 7.87381e-10
5418.61 7.81649e-10
5424.24 7.75959e-10
5429.88 7.7031e-10
5435.51 7.64701e-10
5441.14 7.59132e-10
5446.77 7.53604e-10
5452.41 7.48115e-10
5458.04 7.42666e-10
5463.67 7.37255e-10
5469.3 7.31884e-10
5474.94 7.26551e-10
5480.57 7.21257e-10
5486.2 7.16001e-10
5491.83 7.10782e-10
5497.47 7.05601e-10
5503.1 7.00457e-10
5508.73 6.9535e-10
5514.36 6.9028e-10
5520 6.85246e-10
5525.63 6.80249e-10
5531.26 6.75288e-10
5536.9 6.70362e-10
5542.53 6.65471e-10
5548.16 6.60616e-10
5553.79 6.55796e-10
5559.43 6.5101e-10
5565.06 6.46259e-10
5570.69 6.41542e-10
5576.32 6.36859e-10
5581.96 6.3221e-10
5587.59 6.27594e-10
5593.22 6.23011e-10
5598.85 6.18462e-10
5604.49 6.13945e-10
5610.12 6.09461e-10
5615.75 6.05009e-10
5621.39 6.00589e-10
5627.02 5.96201e-10
5632.65 5.91844e-10
5638.28 5.87519e-10
5643.92 5.83225e-10
5649.55 5.78962e-10
5655.18 5.7473e-10
5660.81 5.70528e-10
5666.45 5.66357e-10
5672.08 5.62215e-10
5677.71 5.58104e-10
5683.34 5.54022e-10
5688.98 5.4997e-10
5694.61 5.45946e-10
5700.24 5.41952e-10
5705.88 5.37987e-10
5711.51 5.3405e-10
5717.14 5.30142e-10
5722.77 5.26261e-10
5728.41 5.22409e-10
5734.04 5.18585e-10
5739.67 5.14788e-10
5745.3 5.11019e-10
5750.94 5.07277e-10
5756.57 5.03561e-10
5762.2 4.99873e-10
5767.83 4.96211e-10
5773.47 4.92576e-10
5779.1 4.88967e-10
5784.73 4.85384e-10
5790.36 4.81827e-10
5796 4.78296e-10
5801.63 4.7479e-10
5807.26 4.71309e-10
5812.9 4.67854e-10
5818.53 4.64424e-10
5824.16 4.61018e-10
5829.79 4.57637e-10
5835.43 4.54281e-10
5841.06 4.50948e-10
5846.69 4.4764e-10
5852.32 4.44356e-10
5857.96 4.41095e-10
5863.59 4.37858e-10
5869.22 4.34645e-10
5874.85 4.31455e-10
5880.49 4.28287e-10
5886.12 4.25143e-10
5891.75 4.22022e-10
5897.39 4.18923e-10
5903.02 4.15846e-10
5908.65 4.12792e-10
5914.28 4.0976e-10
5919.92 4.0675e-10
5925.55 4.03761e-10
5931.18 4.00794e-10
5936.81 3.97849e-10
5942.45 3.94925e-10
5948.08 3.92023e-10
5953.71 3.89141e-10
5959.34 3.8628e-10
5964.98 3.8344e-10
5970.61 3.8062e-10
5976.24 3.77821e-10
5981.87 3.75042e-10
5987.51 3.72284e-10
5993.14 3.69545e-10
5998.77 3.66826e-10
6004.41 3.64127e-10
6010.04 3.61447e-10
6015.67 3.58787e-10
6021.3 3.56146e-10
6026.94 3.53525e-10
6032.57 3.50922e-10
6038.2 3.48338e-10
6043.83 3.45773e-10
6049.47 3.43227e-10
6055.1 3.40699e-10
6060.73 3.38189e-10
6066.36 3.35698e-10
6072 3.33224e-10
6077.63 3.30769e-10
6083.26 3.28331e-10
6088.9 3.25911e-10
6094.53 3.23509e-10
6100.16 3.21124e-10
6105.79 3.18757e-10
6111.43 3.16406e-10
6117.06 3.14073e-10
6122.69 3.11757e-10
6128.32 3.09457e-10
6133.96 3.07175e-10
6139.59 3.04908e-10
6145.22 3.02659e-10
6150.85 3.00425e-10
6156.49 2.98208e-10
6162.12 2.96007e-10
6167.75 2.93822e-10
6173.39 2.91653e-10
6179.02 2.895e-10
6184.65 2.87362e-10
6190.28 2.8524e-10
6195.92 2.83133e-10
6201.55 2.81042e-10
6207.18 2.78966e-10
6212.81 2.76905e-10
6218.45 2.74859e-10
6224.08 2.72827e-10
6229.71 2.70811e-10
6235.34 2.68809e-10
6240.98 2.66822e-10
6246.61 2.64849e-10
6252.24 2.62891e-10
6257.87 2.60947e-10
6263.51 2.59017e-10
6269.14 2.57101e-10
6274.77 2.55199e-10
6280.41 2.53311e-10
6286.04 2.51437e-10
6291.67 2.49577e-10
6297.3 2.4773e-10
6302.94 2.45896e-10
6308.57 2.44076e-10
6314.2 2.42269e-10
6319.83 2.40475e-10
6325.47 2.38694e-10
6331.1 2.36927e-10
6336.73 2.35172e-10
6342.36 2.3343e-10
6348 2.317e-10
6353.63 2.29984e-10
6359.26 2.28279e-10
6364.9 2.26588e-10
6370.53 2.24908e-10
6376.16 2.23241e-10
6381.79 2.21586e-10
6387.43 2.19943e-10
6393.06 2.18312e-10
6398.69 2.16693e-10
6404.32 2.15086e-10
6409.96 2.13491e-10
6415.59 2.11907e-10
6421.22 2.10334e-10
6426.85 2.08774e-10
6432.49 2.07224e-10
6438.12 2.05686e-10
6443.75 2.0416e-10
6449.39 2.02644e-10
6455.02 2.01139e-10
6460.65 1.99646e-10
6466.28 1.98163e-10
6471.92 1.96691e-10
6477.55 1.9523e-10
6483.18 1.9378e-10
6488.81 1.9234e-10
6494.45 1.90911e-10
6500.08 1.89492e-10
6505.71 1.88084e-10
6511.34 1.86685e-10
6516.98 1.85298e-10
6522.61 1.8392e-10
6528.24 1.82552e-10
6533.87 1.81195e-10
6539.51 1.79847e-10
6545.14 1.78509e-10
6550.77 1.77181e-10
6556.41 1.75863e-10
6562.04 1.74554e-10
6567.67 1.73255e-10
6573.3 1.71965e-10
6578.94 1.70685e-10
6584.57 1.69415e-10
6590.2 1.68153e-10
6595.83 1.66901e-10
6601.47 1.65658e-10
6607.1 1.64424e-10
6612.73 1.63199e-10
6618.36 1.61983e-10
6624 1.60776e-10
6629.63 1.59578e-10
6635.26 1.58389e-10
6640.9 1.57208e-10
6646.53 1.56036e-10
6652.16 1.54873e-10
6657.79 1.53718e-10
6663.43 1.52572e-10
6669.06 1.51434e-10
6674.69 1.50304e-10
6680.32 1.49183e-10
6685.96 1.4807e-10
6691.59 1.46965e-10
6697.22 1.45868e-10
6702.85 1.44779e-10
6708.49 1.43698e-10
6714.12 1.42626e-10
6719.75 1.41561e-10
6725.38 1.40504e-10
6731.02 1.39454e-10
6736.65 1.38413e-10
6742.28 1.37379e-10
6747.92 1.36352e-10
6753.55 1.35333e-10
6759.18 1.34322e-10
6764.81 1.33318e-10
6770.45 1.32322e-10
6776.08 1.31332e-10
6781.71 1.3035e-10
6787.34 1.29376e-10
6792.98 1.28408e-10
6798.61 1.27448e-10
6804.24 1.26494e-10
6809.87 1.25548e-10
6815.51 1.24609e-10
6821.14 1.23676e-10
6826.77 1.2275e-10
6832.41 1.21832e-10
6838.04 1.2092e-10
6843.67 1.20014e-10
6849.3 1.19116e-10
6854.94 1.18223e-10
6860.57 1.17338e-10
6866.2 1.16459e-10
6871.83 1.15587e-10
6877.47 1.1472e-10
6883.1 1.13861e-10
6888.73 1.13007e-10
6894.36 1.1216e-10
6900 1.1132e-10
6905.63 1.10485e-10
6911.26 1.09656e-10
6916.9 1.08834e-10
6922.53 1.08018e-10
6928.16 1.07207e-10
6933.79 1.06403e-10
6939.43 1.05605e-10
6945.06 1.04812e-10
6950.69 1.04026e-10
6956.32 1.03245e-10
6961.96 1.0247e-10
6967.59 1.017e-10
6973.22 1.00937e-10
6978.85 1.00179e-10
6984.49 9.94263e-11
6990.12 9.86794e-11
6995.75 9.7938e-11
7001.38 9.72021e-11
7007.02 9.64716e-11
7012.65 9.57465e-11
7018.28 9.50268e-11
7023.92 9.43124e-11
7029.55 9.36033e-11
7035.18 9.28994e-11
7040.81 9.22008e-11
7046.45 9.15072e-11
7052.08 9.08188e-11
7057.71 9.01355e-11
7063.34 8.94573e-11
7068.98 8.87841e-11
7074.61 8.81158e-11
7080.24 8.74525e-11
7085.87 8.67941e-11
7091.51 8.61406e-11
7097.14 8.54919e-11
7102.77 8.4848e-11
7108.41 8.42088e-11
7114.04 8.35744e-11
7119.67 8.29447e-11
7125.3 8.23197e-11
7130.94 8.16992e-11
7136.57 8.10834e-11
7142.2 8.04721e-11
7147.83 7.98654e-11
7153.47 7.92632e-11
7159.1 7.86654e-11
7164.73 7.8072e-11
7170.36 7.74831e-11
7176 7.68985e-11
7181.63 7.63182e-11
7187.26 7.57422e-11
7192.89 7.51705e-11
7198.53 7.46031e-11
7204.16 7.40398e-11
7209.79 7.34808e-11
7215.43 7.29258e-11
7221.06 7.2375e-11
7226.69 7.18283e-11
7232.32 7.12857e-11
7237.96 7.0747e-11
7243.59 7.02124e-11
7249.22 6.96817e-11
7254.85 6.9155e-11
7260.49 6.86321e-11
7266.12 6.81132e-11
7271.75 6.75981e-11
7277.38 6.70868e-11
7283.02 6.65794e-11
7288.65 6.60757e-11
7294.28 6.55757e-11
7299.92 6.50795e-11
7305.55 6.45869e-11
7311.18 6.4098e-11
7316.81 6.36127e-11
7322.45 6.31311e-11
7328.08 6.2653e-11
7333.71 6.21785e-11
7339.34 6.17075e-11
7344.98 6.124e-11
7350.61 6.0776e-11
7356.24 6.03154e-11
7361.87 5.98583e-11
7367.51 5.94046e-11
7373.14 5.89542e-11
7378.77 5.85072e-11
7384.41 5.80635e-11
7390.04 5.76231e-11
7395.67 5.7186e-11
7401.3 5.67522e-11
7406.94 5.63216e-11
7412.57 5.58942e-11
7418.2 5.54699e-11
7423.83 5.50489e-11
7429.47 5.46309e-11
7435.1 5.42161e-11
7440.73 5.38044e-11
7446.36 5.33957e-11
7452 5.29901e-11
7457.63 5.25875e-11
7463.26 5.2188e-11
7468.89 5.17914e-11
7474.53 5.13977e-11
7480.16 5.1007e-11
7485.79 5.06192e-11
7491.43 5.02343e-11
7497.06 4.98523e-11
7502.69 4.94731e-11
7508.32 4.90967e-11
7513.96 4.87232e-11
7519.59 4.83524e-11
7525.22 4.79844e-11
7530.85 4.76192e-11
7536.49 4.72567e-11
7542.12 4.68969e-11
7547.75 4.65398e-11
7553.38 4.61853e-11
7559.02 4.58335e-11
7564.65 4.54843e-11
7570.28 4.51378e-11
7575.92 4.47938e-11
7581.55 4.44524e-11
7587.18 4.41135e-11
7592.81 4.37772e-11
7598.45 4.34434e-11
7604.08 4.31121e-11
7609.71 4.27833e-11
7615.34 4.24569e-11
7620.98 4.2133e-11
7626.61 4.18114e-11
7632.24 4.14923e-11
7637.87 4.11756e-11
7643.51 4.08613e-11
7649.14 4.05493e-11
7654.77 4.02396e-11
7660.4 3.99323e-11
7666.04 3.96273e-11
7671.67 3.93245e-11
7677.3 3.90241e-11
7682.94 3.87258e-11
7688.57 3.84298e-11
7694.2 3.8136e-11
7699.83 3.78445e-11
7705.47 3.75551e-11
7711.1 3.72679e-11
7716.73 3.69828e-11
7722.36 3.66999e-11
7728 3.64191e-11
7733.63 3.61403e-11
7739.26 3.58637e-11
7744.89 3.55892e-11
7750.53 3.53167e-11
7756.16 3.50463e-11
7761.79 3.47779e-11
7767.43 3.45115e-11
7773.06 3.42471e-11
7778.69 3.39847e-11
7784.32 3.37243e-11
7789.96 3.34658e-11
7795.59 3.32092e-11
7801.22 3.29546e-11
7806.85 3.27019e-11
7812.49 3.24511e-11
7818.12 3.22022e-11
7823.75 3.19552e-11
7829.38 3.171e-11
7835.02 3.14667e-11
7840.65 3.12251e-11
7846.28 3.09854e-11
7851.92 3.07475e-11
7857.55 3.05114e-11
7863.18 3.02771e-11
7868.81 3.00445e-11
7874.45 2.98137e-11
7880.08 2.95846e-11
7885.71 2.93573e-11
7891.34 2.91316e-11
7896.98 2.89077e-11
7902.61 2.86854e-11
7908.24 2.84648e-11
7913.87 2.82459e-11
7919.51 2.80286e-11
7925.14 2.7813e-11
7930.77 2.7599e-11
7936.4 2.73866e-11
7942.04 2.71758e-11
7947.67 2.69666e-11
7953.3 2.67589e-11
7958.94 2.65529e-11
7964.57 2.63484e-11
7970.2 2.61454e-11
7975.83 2.59439e-11
7981.47 2.5744e-11
7987.1 2.55456e-11
7992.73 2.53487e-11
7998.36 2.51532e-11
8004 2.49593e-11
8009.63 2.47668e-11
8015.26 2.45758e-11
8020.89 2.43862e-11
8026.53 2.4198e-11
8032.16 2.40113e-11
8037.79 2.38259e-11
8043.43 2.3642e-11
8049.06 2.34594e-11
8054.69 2.32783e-11
8060.32 2.30985e-11
8065.96 2.292e-11
8071.59 2.2743e-11
8077.22 2.25672e-11
8082.85 2.23928e-11
8088.49 2.22197e-11
8094.12 2.20479e-11
8099.75 2.18774e-11
8105.38 2.17082e-11
8111.02 2.15403e-11
8116.65 2.13736e-11
8122.28 2.12082e-11
8127.91 2.10441e-11
8133.55 2.08812e-11
8139.18 2.07195e-11
8144.81 2.05591e-11
8150.45 2.03999e-11
8156.08 2.02419e-11
8161.71 2.00851e-11
8167.34 1.99294e-11
8172.98 1.9775e-11
8178.61 1.96217e-11
8184.24 1.94696e-11
8189.87 1.93186e-11
8195.51 1.91688e-11
8201.14 1.90201e-11
8206.77 1.88726e-11
8212.4 1.87261e-11
8218.04 1.85808e-11
8223.67 1.84366e-11
8229.3 1.82934e-11
8234.94 1.81514e-11
8240.57 1.80104e-11
8246.2 1.78705e-11
8251.83 1.77317e-11
8257.47 1.75939e-11
8263.1 1.74572e-11
8268.73 1.73215e-11
8274.36 1.71869e-11
8280 1.70532e-11
8285.63 1.69206e-11
8291.26 1.6789e-11
8296.89 1.66584e-11
8302.53 1.65288e-11
8308.16 1.64001e-11
8313.79 1.62725e-11
8319.43 1.61458e-11
8325.06 1.60201e-11
8330.69 1.58953e-11
8336.32 1.57715e-11
8341.96 1.56486e-11
8347.59 1.55267e-11
8353.22 1.54057e-11
8358.85 1.52856e-11
8364.49 1.51664e-11
8370.12 1.50481e-11
8375.75 1.49308e-11
8381.38 1.48143e-11
8387.02 1.46987e-11
8392.65 1.4584e-11
8398.28 1.44702e-11
8403.91 1.43572e-11
8409.55 1.42451e-11
8415.18 1.41339e-11
8420.81 1.40235e-11
8426.45 1.3914e-11
8432.08 1.38052e-11
8437.71 1.36974e-11
8443.34 1.35903e-11
8448.98 1.3484e-11
8454.61 1.33786e-11
8460.24 1.3274e-11
8465.87 1.31701e-11
8471.51 1.30671e-11
8477.14 1.29649e-11
8482.77 1.28634e-11
8488.4 1.27627e-11
8494.04 1.26628e-11
8499.67 1.25636e-11
8505.3 1.24652e-11
8510.94 1.23675e-11
8516.57 1.22706e-11
8522.2 1.21745e-11
8527.83 1.20791e-11
8533.47 1.19844e-11
8539.1 1.18904e-11
8544.73 1.17971e-11
8550.36 1.17046e-11
8556 1.16128e-11
8561.63 1.15216e-11
8567.26 1.14312e-11
8572.89 1.13415e-11
8578.53 1.12524e-11
8584.16 1.1164e-11
8589.79 1.10763e-11
8595.42 1.09893e-11
8601.06 1.0903e-11
8606.69 1.08173e-11
8612.32 1.07322e-11
8617.96 1.06479e-11
8623.59 1.05641e-11
8629.22 1.0481e-11
8634.85 1.03986e-11
8640.49 1.03168e-11
8646.12 1.02356e-11
8651.75 1.0155e-11
8657.38 1.0075e-11
8663.02 9.99569e-12
8668.65 9.91696e-12
8674.28 9.83883e-12
8679.91 9.76131e-12
8685.55 9.68438e-12
8691.18 9.60804e-12
8696.81 9.53229e-12
8702.45 9.45712e-12
8708.08 9.38252e-12
8713.71 9.30851e-12
8719.34 9.23506e-12
8724.98 9.16217e-12
8730.61 9.08985e-12
8736.24 9.01808e-12
8741.87 8.94686e-12
8747.51 8.8762e-12
8753.14 8.80607e-12
8758.77 8.73649e-12
8764.4 8.66744e-12
8770.04 8.59892e-12
8775.67 8.53093e-12
8781.3 8.46347e-12
8786.94 8.39652e-12
8792.57 8.3301e-12
8798.2 8.26418e-12
8803.83 8.19877e-12
8809.47 8.13386e-12
8815.1 8.06946e-12
8820.73 8.00555e-12
8826.36 7.94214e-12
8832 7.87921e-12
8837.63 7.81677e-12
8843.26 7.75481e-12
8848.89 7.69333e-12
8854.53 7.63233e-12
8860.16 7.57179e-12
8865.79 7.51173e-12
8871.42 7.45212e-12
8877.06 7.39298e-12
8882.69 7.33429e-12
8888.32 7.27606e-12
8893.96 7.21828e-12
8899.59 7.16094e-12
8905.22 7.10405e-12
8910.85 7.0476e-12
8916.49 6.99158e-12
8922.12 6.936e-12
8927.75 6.88085e-12
8933.38 6.82612e-12
8939.02 6.77182e-12
8944.65 6.71794e-12
8950.28 6.66448e-12
8955.91 6.61142e-12
8961.55 6.55879e-12
8967.18 6.50655e-12
8972.81 6.45473e-12
8978.45 6.4033e-12
8984.08 6.35227e-12
8989.71 6.30164e-12
8995.34 6.2514e-12
9000.98 6.20155e-12
9006.61 6.15209e-12
9012.24 6.10301e-12
9017.87 6.05431e-12
9023.51 6.00599e-12
9029.14 5.95804e-12
9034.77 5.91047e-12
9040.4 5.86326e-12
9046.04 5.81643e-12
9051.67 5.76995e-12
9057.3 5.72384e-12
9062.93 5.67808e-12
9068.57 5.63268e-12
9074.2 5.58764e-12
9079.83 5.54294e-12
9085.47 5.49859e-12
9091.1 5.45459e-12
9096.73 5.41092e-12
9102.36 5.3676e-12
9108 5.32462e-12
9113.63 5.28197e-12
9119.26 5.23965e-12
9124.89 5.19766e-12
9130.53 5.15599e-12
9136.16 5.11466e-12
9141.79 5.07364e-12
9147.42 5.03294e-12
9153.06 4.99256e-12
9158.69 4.9525e-12
9164.32 4.91274e-12
9169.96 4.8733e-12
9175.59 4.83417e-12
9181.22 4.79533e-12
9186.85 4.75681e-12
9192.49 4.71858e-12
9198.12 4.68065e-12
9203.75 4.64302e-12
9209.38 4.60568e-12
9215.02 4.56863e-12
9220.65 4.53187e-12
9226.28 4.4954e-12
9231.91 4.45921e-12
9237.55 4.42331e-12
9243.18 4.38769e-12
9248.81 4.35234e-12
9254.45 4.31727e-12
9260.08 4.28248e-12
9265.71 4.24796e-12
9271.34 4.2137e-12
9276.98 4.17972e-12
9282.61 4.146e-12
9288.24 4.11255e-12
9293.87 4.07935e-12
9299.51 4.04642e-12
9305.14 4.01374e-12
9310.77 3.98132e-12
9316.4 3.94916e-12
9322.04 3.91725e-12
9327.67 3.88558e-12
9333.3 3.85417e-12
9338.93 3.823e-12
9344.57 3.79207e-12
9350.2 3.76139e-12
9355.83 3.73095e-12
9361.47 3.70075e-12
9367.1 3.67078e-12
9372.73 3.64105e-12
9378.36 3.61155e-12
9384 3.58229e-12
9389.63 3.55325e-12
9395.26 3.52444e-12
9400.89 3.49586e-12
9406.53 3.4675e-12
9412.16 3.43937e-12
9417.79 3.41146e-12
9423.42 3.38376e-12
9429.06 3.35629e-12
9434.69 3.32903e-12
9440.32 3.30198e-12
9445.96 3.27515e-12
9451.59 3.24853e-12
9457.22 3.22211e-12
9462.85 3.19591e-12
9468.49 3.16991e-12
9474.12 3.14412e-12
9479.75 3.11853e-12
9485.38 3.09314e-12
9491.02 3.06795e-12
9496.65 3.04296e-12
9502.28 3.01817e-12
9507.91 2.99357e-12
9513.55 2.96917e-12
9519.18 2.94496e-12
9524.81 2.92094e-12
9530.44 2.89711e-12
9536.08 2.87346e-12
9541.71 2.85001e-12
9547.34 2.82674e-12
9552.98 2.80365e-12
9558.61 2.78075e-12
9564.24 2.75802e-12
9569.87 2.73548e-12
9575.51 2.71311e-12
9581.14 2.69092e-12
9586.77 2.66891e-12
9592.4 2.64707e-12
9598.04 2.6254e-12
9603.67 2.60391e-12
9609.3 2.58258e-12
9614.93 2.56143e-12
9620.57 2.54044e-12
9626.2 2.51962e-12
9631.83 2.49896e-12
9637.47 2.47846e-12
9643.1 2.45813e-12
9648.73 2.43796e-12
9654.36 2.41795e-12
9660 2.3981e-12
9665.63 2.3784e-12
9671.26 2.35887e-12
9676.89 2.33948e-12
9682.53 2.32025e-12
9688.16 2.30118e-12
9693.79 2.28225e-12
9699.42 2.26347e-12
9705.06 2.24485e-12
9710.69 2.22637e-12
9716.32 2.20804e-12
9721.96 2.18985e-12
9727.59 2.17181e-12
9733.22 2.15391e-12
9738.85 2.13616e-12
9744.49 2.11854e-12
9750.12 2.10107e-12
9755.75 2.08373e-12
9761.38 2.06654e-12
9767.02 2.04948e-12
9772.65 2.03255e-12
9778.28 2.01576e-12
9783.91 1.99911e-12
9789.55 1.98258e-12
9795.18 1.96619e-12
9800.81 1.94993e-12
9806.44 1.9338e-12
9812.08 1.9178e-12
9817.71 1.90192e-12
9823.34 1.88617e-12
9828.98 1.87055e-12
9834.61 1.85505e-12
9840.24 1.83968e-12
9845.87 1.82443e-12
9851.51 1.8093e-12
9857.14 1.79429e-12
9862.77 1.7794e-12
9868.4 1.76463e-12
9874.04 1.74998e-12
9879.67 1.73544e-12
9885.3 1.72102e-12
9890.93 1.70672e-12
9896.57 1.69253e-12
9902.2 1.67846e-12
9907.83 1.6645e-12
9913.47 1.65064e-12
9919.1 1.6369e-12
9924.73 1.62328e-12
9930.36 1.60975e-12
9936 1.59634e-12
9941.63 1.58304e-12
9947.26 1.56984e-12
9952.89 1.55675e-12
9958.53 1.54376e-12
9964.16 1.53088e-12
9969.79 1.5181e-12
9975.42 1.50542e-12
9981.06 1.49285e-12
9986.69 1.48037e-12
9992.32 1.468e-12
9997.95 1.45572e-12
10003.6 1.44355e-12
10009.2 1.43147e-12
10014.9 1.41949e-12
10020.5 1.4076e-12
10026.1 1.39582e-12
10031.8 1.38412e-12
10037.4 1.37252e-12
10043 1.36102e-12
10048.6 1.3496e-12
10054.3 1.33828e-12
10059.9 1.32705e-12
10065.5 1.31591e-12
10071.2 1.30486e-12
10076.8 1.2939e-12
10082.4 1.28302e-12
10088.1 1.27224e-12
10093.7 1.26154e-12
10099.3 1.25093e-12
10105 1.2404e-12
10110.6 1.22996e-12
10116.2 1.2196e-12
10121.9 1.20933e-12
10127.5 1.19914e-12
10133.1 1.18903e-12
10138.8 1.179e-12
10144.4 1.16906e-12
10150 1.15919e-12
10155.7 1.14941e-12
10161.3 1.1397e-12
10166.9 1.13008e-12
10172.6 1.12053e-12
10178.2 1.11105e-12
10183.8 1.10166e-12
10189.5 1.09234e-12
10195.1 1.0831e-12
10200.7 1.07393e-12
10206.4 1.06483e-12
10212 1.05581e-12
10217.6 1.04687e-12
10223.3 1.03799e-12
10228.9 1.02919e-12
10234.5 1.02046e-12
10240.2 1.0118e-12
10245.8 1.00321e-12
10251.4 9.94685e-13
10257.1 9.86234e-13
10262.7 9.77852e-13
10268.3 9.69538e-13
10274 9.61291e-13
10279.6 9.53111e-13
10285.2 9.44998e-13
10290.9 9.36951e-13
10296.5 9.2897e-13
10302.1 9.21054e-13
10307.8 9.13202e-13
10313.4 9.05414e-13
10319 8.97689e-13
10324.6 8.90028e-13
10330.3 8.82429e-13
10335.9 8.74892e-13
10341.5 8.67416e-13
10347.2 8.60001e-13
10352.8 8.52647e-13
10358.4 8.45353e-13
10364.1 8.38119e-13
10369.7 8.30944e-13
10375.3 8.23827e-13
10381 8.16769e-13
10386.6 8.09768e-13
10392.2 8.02824e-13
10397.9 7.95938e-13
10403.5 7.89107e-13
10409.1 7.82333e-13
10414.8 7.75614e-13
10420.4 7.6895e-13
10426 7.62341e-13
10431.7 7.55785e-13
10437.3 7.49284e-13
10442.9 7.42836e-13
10448.6 7.36441e-13
10454.2 7.30098e-13
10459.8 7.23807e-13
10465.5 7.17568e-13
10471.1 7.1138e-13
10476.7 7.05243e-13
10482.4 6.99156e-13
10488 6.9312e-13
10493.6 6.87133e-13
10499.3 6.81195e-13
10504.9 6.75306e-13
10510.5 6.69466e-13
10516.2 6.63673e-13
10521.8 6.57928e-13
10527.4 6.52231e-13
10533.1 6.4658e-13
10538.7 6.40977e-13
10544.3 6.35419e-13
10550 6.29907e-13
10555.6 6.2444e-13
10561.2 6.19019e-13
10566.9 6.13642e-13
10572.5 6.0831e-13
10578.1 6.03022e-13
10583.8 5.97777e-13
10589.4 5.92576e-13
10595 5.87418e-13
10600.6 5.82302e-13
10606.3 5.77229e-13
10611.9 5.72197e-13
10617.5 5.67208e-13
10623.2 5.62259e-13
10628.8 5.57352e-13
10634.4 5.52485e-13
10640.1 5.47658e-13
10645.7 5.42872e-13
10651.3 5.38125e-13
10657 5.33417e-13
10662.6 5.28749e-13
10668.2 5.24119e-13
10673.9 5.19528e-13
10679.5 5.14975e-13
10685.1 5.10459e-13
10690.8 5.05981e-13
10696.4 5.01541e-13
10702 4.97137e-13
10707.7 4.9277e-13
10713.3 4.88439e-13
10718.9 4.84144e-13
10724.6 4.79885e-13
10730.2 4.75661e-13
10735.8 4.71473e-13
10741.5 4.67319e-13
10747.1 4.632e-13
10752.7 4.59116e-13
10758.4 4.55065e-13
10764 4.51049e-13
10769.6 4.47065e-13
10775.3 4.43115e-13
10780.9 4.39198e-13
10786.5 4.35314e-13
10792.2 4.31462e-13
10797.8 4.27642e-13
10803.4 4.23855e-13
10809.1 4.20099e-13
10814.7 4.16374e-13
10820.3 4.1268e-13
10826 4.09018e-13
10831.6 4.05386e-13
10837.2 4.01784e-13
10842.9 3.98213e-13
10848.5 3.94672e-13
10854.1 3.9116e-13
10859.8 3.87678e-13
10865.4 3.84225e-13
10871 3.80801e-13
10876.6 3.77406e-13
10882.3 3.74039e-13
10887.9 3.707e-13
10893.5 3.6739e-13
10899.2 3.64107e-13
10904.8 3.60852e-13
10910.4 3.57625e-13
10916.1 3.54424e-13
10921.7 3.51251e-13
10927.3 3.48104e-13
10933 3.44984e-13
10938.6 3.4189e-13
10944.2 3.38822e-13
10949.9 3.3578e-13
10955.5 3.32764e-13
10961.1 3.29773e-13
10966.8 3.26807e-13
10972.4 3.23866e-13
10978 3.20951e-13
10983.7 3.1806e-13
10989.3 3.15193e-13
10994.9 3.1235e-13
11000.6 3.09532e-13
11006.2 3.06738e-13
11011.8 3.03967e-13
11017.5 3.01219e-13
11023.1 2.98495e-13
11028.7 2.95794e-13
11034.4 2.93116e-13
11040 2.90461e-13
11045.6 2.87828e-13
11051.3 2.85217e-13
11056.9 2.82629e-13
11062.5 2.80062e-13
11068.2 2.77518e-13
11073.8 2.74995e-13
11079.4 2.72493e-13
11085.1 2.70013e-13
11090.7 2.67554e-13
11096.3 2.65116e-13
11102 2.62699e-13
11107.6 2.60302e-13
11113.2 2.57925e-13
11118.9 2.55569e-13
11124.5 2.53233e-13
11130.1 2.50917e-13
11135.8 2.48621e-13
11141.4 2.46344e-13
11147 2.44087e-13
11152.6 2.41849e-13
11158.3 2.3963e-13
11163.9 2.3743e-13
11169.5 2.35249e-13
11175.2 2.33087e-13
11180.8 2.30943e-13
11186.4 2.28818e-13
11192.1 2.2671e-13
11197.7 2.24621e-13
11203.3 2.2255e-13
11209 2.20496e-13
11214.6 2.1846e-13
11220.2 2.16442e-13
11225.9 2.14441e-13
11231.5 2.12457e-13
11237.1 2.1049e-13
11242.8 2.0854e-13
11248.4 2.06607e-13
11254 2.04691e-13
11259.7 2.02791e-13
11265.3 2.00907e-13
11270.9 1.9904e-13
11276.6 1.97188e-13
11282.2 1.95353e-13
11287.8 1.93534e-13
11293.5 1.9173e-13
11299.1 1.89942e-13
11304.7 1.88169e-13
11310.4 1.86411e-13
11316 1.84669e-13
11321.6 1.82942e-13
11327.3 1.8123e-13
11332.9 1.79532e-13
11338.5 1.7785e-13
11344.2 1.76181e-13
11349.8 1.74528e-13
11355.4 1.72889e-13
11361.1 1.71263e-13
11366.7 1.69652e-13
11372.3 1.68055e-13
11378 1.66472e-13
11383.6 1.64903e-13
11389.2 1.63347e-13
11394.9 1.61805e-13
11400.5 1.60276e-13
11406.1 1.58761e-13
11411.8 1.57259e-13
11417.4 1.55769e-13
11423 1.54293e-13
11428.6 1.5283e-13
11434.3 1.51379e-13
11439.9 1.49941e-13
11445.5 1.48516e-13
11451.2 1.47103e-13
11456.8 1.45703e-13
11462.4 1.44315e-13
11468.1 1.42938e-13
11473.7 1.41574e-13
11479.3 1.40222e-13
11485 1.38882e-13
11490.6 1.37553e-13
11496.2 1.36237e-13
11501.9 1.34931e-13
11507.5 1.33637e-13
11513.1 1.32355e-13
11518.8 1.31084e-13
11524.4 1.29824e-13
11530 1.28575e-13
11535.7 1.27337e-13
11541.3 1.2611e-13
11546.9 1.24893e-13
11552.6 1.23688e-13
11558.2 1.22493e-13
11563.8 1.21308e-13
11569.5 1.20134e-13
11575.1 1.18971e-13
11580.7 1.17818e-13
11586.4 1.16675e-13
11592 1.15542e-13
11597.6 1.14419e-13
11603.3 1.13305e-13
11608.9 1.12202e-13
11614.5 1.11109e-13
11620.2 1.10025e-13
11625.8 1.08951e-13
11631.4 1.07887e-13
11637.1 1.06831e-13
11642.7 1.05786e-13
11648.3 1.04749e-13
11654 1.03722e-13
11659.6 1.02704e-13
11665.2 1.01695e-13
11670.9 1.00695e-13
11676.5 9.97036e-14
11682.1 9.87213e-14
11687.8 9.77477e-14
11693.4 9.67829e-14
11699 9.58266e-14
11704.6 9.48789e-14
11710.3 9.39397e-14
11715.9 9.30088e-14
11721.5 9.20863e-14
11727.2 9.1172e-14
11732.8 9.0266e-14
11738.4 8.9368e-14
11744.1 8.84781e-14
11749.7 8.75962e-14
11755.3 8.67222e-14
11761 8.58561e-14
11766.6 8.49977e-14
11772.2 8.41471e-14
11777.9 8.33041e-14
11783.5 8.24687e-14
11789.1 8.16408e-14
11794.8 8.08203e-14
11800.4 8.00073e-14
11806 7.92016e-14
11811.7 7.84032e-14
11817.3 7.7612e-14
11822.9 7.68279e-14
11828.6 7.60509e-14
11834.2 7.5281e-14
11839.8 7.4518e-14
11845.5 7.3762e-14
11851.1 7.30127e-14
11856.7 7.22703e-14
11862.4 7.15346e-14
11868 7.08056e-14
11873.6 7.00832e-14
11879.3 6.93674e-14
11884.9 6.86581e-14
11890.5 6.79553e-14
11896.2 6.72588e-14
11901.8 6.65687e-14
11907.4 6.58849e-14
11913.1 6.52073e-14
11918.7 6.45359e-14
11924.3 6.38706e-14
11930 6.32114e-14
11935.6 6.25583e-14
11941.2 6.19111e-14
11946.9 6.12698e-14
11952.5 6.06344e-14
11958.1 6.00049e-14
11963.7 5.93811e-14
11969.4 5.8763e-14
11975 5.81506e-14
11980.6 5.75439e-14
11986.3 5.69427e-14
11991.9 5.6347e-14
11997.5 5.57569e-14
12003.2 5.51721e-14
12008.8 5.45928e-14
12014.4 5.40188e-14
12020.1 5.34501e-14
12025.7 5.28867e-14
12031.3 5.23284e-14
12037 5.17754e-14
12042.6 5.12274e-14
12048.2 5.06845e-14
12053.9 5.01467e-14
12059.5 4.96138e-14
12065.1 4.90859e-14
12070.8 4.85629e-14
12076.4 4.80447e-14
12082 4.75314e-14
12087.7 4.70228e-14
12093.3 4.6519e-14
12098.9 4.60199e-14
12104.6 4.55254e-14
12110.2 4.50356e-14
12115.8 4.45503e-14
12121.5 4.40695e-14
12127.1 4.35933e-14
12132.7 4.31215e-14
12138.4 4.26541e-14
12144 4.21911e-14
12149.6 4.17324e-14
12155.3 4.1278e-14
12160.9 4.08279e-14
12166.5 4.03821e-14
12172.2 3.99404e-14
12177.8 3.95029e-14
12183.4 3.90695e-14
12189.1 3.86402e-14
12194.7 3.82149e-14
12200.3 3.77937e-14
12206 3.73764e-14
12211.6 3.69631e-14
12217.2 3.65537e-14
12222.9 3.61481e-14
12228.5 3.57464e-14
12234.1 3.53485e-14
12239.7 3.49544e-14
12245.4 3.4564e-14
12251 3.41774e-14
12256.6 3.37944e-14
12262.3 3.34151e-14
12267.9 3.30393e-14
12273.5 3.26672e-14
12279.2 3.22986e-14
12284.8 3.19335e-14
12290.4 3.15719e-14
12296.1 3.12138e-14
12301.7 3.08591e-14
12307.3 3.05078e-14
12313 3.01599e-14
12318.6 2.98153e-14
12324.2 2.9474e-14
12329.9 2.9136e-14
12335.5 2.88012e-14
12341.1 2.84697e-14
12346.8 2.81413e-14
12352.4 2.78161e-14
12358 2.74941e-14
12363.7 2.71752e-14
12369.3 2.68593e-14
12374.9 2.65465e-14
12380.6 2.62368e-14
12386.2 2.593e-14
12391.8 2.56262e-14
12397.5 2.53254e-14
12403.1 2.50275e-14
12408.7 2.47325e-14
12414.4 2.44403e-14
12420 2.4151e-14
12425.6 2.38645e-14
12431.3 2.35808e-14
12436.9 2.32999e-14
12442.5 2.30218e-14
12448.2 2.27463e-14
12453.8 2.24736e-14
12459.4 2.22035e-14
12465.1 2.19361e-14
12470.7 2.16713e-14
12476.3 2.14091e-14
12482 2.11495e-14
12487.6 2.08924e-14
12493.2 2.06379e-14
12498.9 2.03859e-14
12504.5 2.01364e-14
12510.1 1.98893e-14
12515.7 1.96447e-14
12521.4 1.94025e-14
12527 1.91627e-14
12532.6 1.89253e-14
12538.3 1.86903e-14
12543.9 1.84576e-14
12549.5 1.82272e-14
12555.2 1.79991e-14
12560.8 1.77733e-14
12566.4 1.75497e-14
12572.1 1.73283e-14
12577.7 1.71092e-14
12583.3 1.68923e-14
12589 1.66776e-14
12594.6 1.6465e-14
12600.2 1.62545e-14
12605.9 1.60462e-14
12611.5 1.58399e-14
12617.1 1.56357e-14
12622.8 1.54336e-14
12628.4 1.52336e-14
12634 1.50355e-14
12639.7 1.48395e-14
12645.3 1.46454e-14
12650.9 1.44533e-14
12656.6 1.42632e-14
12662.2 1.4075e-14
12667.8 1.38887e-14
12673.5 1.37043e-14
12679.1 1.35218e-14
12684.7 1.33412e-14
12690.4 1.31624e-14
12696 1.29854e-14
12701.6 1.28102e-14
12707.3 1.26369e-14
12712.9 1.24653e-14
12718.5 1.22955e-14
12724.2 1.21274e-14
12729.8 1.19611e-14
12735.4 1.17964e-14
12741.1 1.16335e-14
12746.7 1.14723e-14
12752.3 1.13127e-14
12758 1.11548e-14
12763.6 1.09985e-14
12769.2 1.08439e-14
12774.9 1.06908e-14
12780.5 1.05394e-14
12786.1 1.03895e-14
12791.7 1.02412e-14
12797.4 1.00945e-14
12803 9.94925e-15
12808.6 9.80556e-15
12814.3 9.66338e-15
12819.9 9.52269e-15
12825.5 9.38348e-15
12831.2 9.24573e-15
12836.8 9.10944e-15
12842.4 8.97459e-15
12848.1 8.84117e-15
12853.7 8.70916e-15
12859.3 8.57855e-15
12865 8.44932e-15
12870.6 8.32148e-15
12876.2 8.19499e-15
12881.9 8.06985e-15
12887.5 7.94605e-15
12893.1 7.82357e-15
12898.8 7.70241e-15
12904.4 7.58254e-15
12910 7.46396e-15
12915.7 7.34666e-15
12921.3 7.23062e-15
12926.9 7.11583e-15
12932.6 7.00228e-15
12938.2 6.88996e-15
12943.8 6.77886e-15
12949.5 6.66896e-15
12955.1 6.56025e-15
12960.7 6.45273e-15
12966.4 6.34638e-15
12972 6.24119e-15
12977.6 6.13716e-15
12983.3 6.03426e-15
12988.9 5.93249e-15
12994.5 5.83183e-15
13000.2 5.73229e-15
13005.8 5.63384e-15
13011.4 5.53647e-15
13017.1 5.44019e-15
13022.7 5.34497e-15
13028.3 5.2508e-15
13034 5.15768e-15
13039.6 5.0656e-15
13045.2 4.97454e-15
13050.9 4.8845e-15
13056.5 4.79547e-15
13062.1 4.70743e-15
13067.7 4.62038e-15
13073.4 4.53431e-15
13079 4.44921e-15
13084.6 4.36507e-15
13090.3 4.28188e-15
13095.9 4.19963e-15
13101.5 4.11831e-15
13107.2 4.03791e-15
13112.8 3.95844e-15
13118.4 3.87986e-15
13124.1 3.80219e-15
13129.7 3.7254e-15
13135.3 3.64949e-15
13141 3.57445e-15
13146.6 3.50028e-15
13152.2 3.42696e-15
13157.9 3.35449e-15
13163.5 3.28286e-15
13169.1 3.21206e-15
13174.8 3.14208e-15
13180.4 3.07292e-15
13186 3.00456e-15
13191.7 2.937e-15
13197.3 2.87023e-15
13202.9 2.80424e-15
13208.6 2.73903e-15
13214.2 2.67459e-15
13219.8 2.61091e-15
13225.5 2.54798e-15
13231.1 2.4858e-15
13236.7 2.42436e-15
13242.4 2.36365e-15
13248 2.30366e-15
13253.6 2.24439e-15
13259.3 2.18583e-15
13264.9 2.12798e-15
13270.5 2.07082e-15
13276.2 2.01435e-15
13281.8 1.95856e-15
13287.4 1.90345e-15
13293.1 1.84901e-15
13298.7 1.79523e-15
13304.3 1.7421e-15
13310 1.68963e-15
13315.6 1.6378e-15
13321.2 1.58661e-15
13326.9 1.53605e-15
13332.5 1.48611e-15
13338.1 1.43679e-15
13343.7 1.38808e-15
13349.4 1.33998e-15
13355 1.29248e-15
13360.6 1.24557e-15
13366.3 1.19925e-15
13371.9 1.15351e-15
13377.5 1.10835e-15
13383.2 1.06376e-15
13388.8 1.01974e-15
13394.4 9.76271e-16
13400.1 9.33359e-16
13405.7 8.90994e-16
13411.3 8.49173e-16
13417 8.07888e-16
13422.6 7.67135e-16
13428.2 7.26909e-16
13433.9 6.87203e-16
13439.5 6.48013e-16
13445.1 6.09334e-16
13450.8 5.7116e-16
13456.4 5.33487e-16
13462 4.96309e-16
13467.7 4.5962e-16
13473.3 4.23417e-16
13478.9 3.87694e-16
13484.6 3.52447e-16
13490.2 3.1767e-16
13495.8 2.83359e-16
13501.5 2.49508e-16
13507.1 2.16114e-16
13512.7 1.83171e-16
13518.4 1.50675e-16
13524 1.18622e-16
13529.6 8.70057e-17
13535.3 5.5823e-17
13540.9 2.50692e-17
13546.5 -5.2604e-18
13552.2 -3.517e-17
13557.8 -6.4664e-17
13563.4 -9.37467e-17
13569.1 -1.22422e-16
13574.7 -1.50695e-16
13580.3 -1.7857e-16
13586 -2.06049e-16
13591.6 -2.33139e-16
13597.2 -2.59842e-16
13602.9 -2.86163e-16
13608.5 -3.12106e-16
13614.1 -3.37674e-16
13619.7 -3.62872e-16
13625.4 -3.87704e-16
13631 -4.12173e-16
13636.6 -4.36283e-16
13642.3 -4.60039e-16
13647.9 -4.83443e-16
13653.5 -5.06499e-16
13659.2 -5.29212e-16
13664.8 -5.51584e-16
13670.4 -5.7362e-16
13676.1 -5.95323e-16
13681.7 -6.16696e-16
13687.3 -6.37744e-16
13693 -6.58469e-16
13698.6 -6.78874e-16
13704.2 -6.98965e-16
13709.9 -7.18743e-16
13715.5 -7.38212e-16
13721.1 -7.57375e-16
13726.8 -7.76236e-16
13732.4 -7.94799e-16
13738 -8.13065e-16
13743.7 -8.31039e-16
13749.3 -8.48723e-16
13754.9 -8.66122e-16
13760.6 -8.83237e-16
13766.2 -9.00071e-16
13771.8 -9.16629e-16
13777.5 -9.32913e-16
13783.1 -9.48926e-16
13788.7 -9.64671e-16
13794.4 -9.8015e-16
13800 -9.95368e-16
13805.6 -1.01033e-15
13811.3 -1.02503e-15
13816.9 -1.03948e-15
13822.5 -1.05367e-15
13828.2 -1.06762e-15
13833.8 -1.08132e-15
13839.4 -1.09479e-15
13845.1 -1.10801e-15
13850.7 -1.12099e-15
13856.3 -1.13374e-15
13862 -1.14626e-15
13867.6 -1.15855e-15
13873.2 -1.17061e-15
13878.9 -1.18244e-15
13884.5 -1.19406e-15
13890.1 -1.20546e-15
13895.7 -1.21664e-15
13901.4 -1.2276e-15
13907 -1.23835e-15
13912.6 -1.2489e-15
13918.3 -1.25923e-15
13923.9 -1.26937e-15
13929.5 -1.2793e-15
13935.2 -1.28902e-15
13940.8 -1.29856e-15
13946.4 -1.30789e-15
13952.1 -1.31704e-15
13957.7 -1.32599e-15
13963.3 -1.33475e-15
13969 -1.34333e-15
13974.6 -1.35172e-15
13980.2 -1.35993e-15
13985.9 -1.36796e-15
13991.5 -1.37581e-15
13997.1 -1.38348e-15
14002.8 -1.39098e-15
14008.4 -1.39831e-15
14014 -1.40547e-15
14019.7 -1.41246e-15
14025.3 -1.41929e-15
14030.9 -1.42595e-15
14036.6 -1.43245e-15
14042.2 -1.43879e-15
14047.8 -1.44497e-15
14053.5 -1.451e-15
14059.1 -1.45687e-15
14064.7 -1.46258e-15
14070.4 -1.46815e-15
14076 -1.47357e-15
14081.6 -1.47884e-15
14087.3 -1.48397e-15
14092.9 -1.48895e-15
14098.5 -1.49379e-15
14104.2 -1.49849e-15
14109.8 -1.50305e-15
14115.4 -1.50747e-15
14121.1 -1.51176e-15
14126.7 -1.51592e-15
14132.3 -1.51994e-15
14138 -1.52384e-15
14143.6 -1.5276e-15
14149.2 -1.53124e-15
14154.9 -1.53475e-15
14160.5 -1.53814e-15
14166.1 -1.54141e-15
14171.7 -1.54456e-15
14177.4 -1.54758e-15
14183 -1.55049e-15
14188.6 -1.55329e-15
14194.3 -1.55597e-15
14199.9 -1.55853e-15
14205.5 -1.56098e-15
14211.2 -1.56333e-15
14216.8 -1.56556e-15
14222.4 -1.56769e-15
14228.1 -1.56971e-15
14233.7 -1.57162e-15
14239.3 -1.57344e-15
14245 -1.57514e-15
14250.6 -1.57675e-15
14256.2 -1.57826e-15
14261.9 -1.57967e-15
14267.5 -1.58099e-15
14273.1 -1.58221e-15
14278.8 -1.58333e-15
14284.4 -1.58436e-15
14290 -1.5853e-15
14295.7 -1.58615e-15
14301.3 -1.58691e-15
14306.9 -1.58758e-15
14312.6 -1.58816e-15
14318.2 -1.58866e-15
14323.8 -1.58907e-15
14329.5 -1.5894e-15
14335.1 -1.58965e-15
14340.7 -1.58981e-15
14346.4 -1.5899e-15
14352 -1.58991e-15
14357.6 -1.58984e-15
14363.3 -1.58969e-15
14368.9 -1.58946e-15
14374.5 -1.58916e-15
14380.2 -1.58879e-15
14385.8 -1.58834e-15
14391.4 -1.58783e-15
14397.1 -1.58724e-15
14402.7 -1.58658e-15
14408.3 -1.58586e-15
14414 -1.58506e-15
14419.6 -1.5842e-15
14425.2 -1.58328e-15
14430.9 -1.58228e-15
14436.5 -1.58123e-15
14442.1 -1.58011e-15
14447.7 -1.57893e-15
14453.4 -1.57769e-15
14459 -1.57639e-15
14464.6 -1.57503e-15
14470.3 -1.57361e-15
14475.9 -1.57214e-15
14481.5 -1.5706e-15
14487.2 -1.56902e-15
14492.8 -1.56737e-15
14498.4 -1.56568e-15
14504.1 -1.56393e-15
14509.7 -1.56212e-15
14515.3 -1.56027e-15
14521 -1.55836e-15
14526.6 -1.55641e-15
14532.2 -1.5544e-15
14537.9 -1.55235e-15
14543.5 -1.55025e-15
14549.1 -1.5481e-15
14554.8 -1.54591e-15
14560.4 -1.54367e-15
14566 -1.54139e-15
14571.7 -1.53906e-15
14577.3 -1.53669e-15
14582.9 -1.53428e-15
14588.6 -1.53182e-15
14594.2 -1.52932e-15
14599.8 -1.52679e-15
14605.5 -1.52421e-15
14611.1 -1.5216e-15
14616.7 -1.51894e-15
14622.4 -1.51625e-15
14628 -1.51352e-15
14633.6 -1.51076e-15
14639.3 -1.50796e-15
14644.9 -1.50512e-15
14650.5 -1.50225e-15
14656.2 -1.49935e-15
14661.8 -1.49641e-15
14667.4 -1.49344e-15
14673.1 -1.49044e-15
14678.7 -1.4874e-15
14684.3 -1.48434e-15
14690 -1.48124e-15
14695.6 -1.47812e-15
14701.2 -1.47497e-15
14706.9 -1.47178e-15
14712.5 -1.46857e-15
14718.1 -1.46533e-15
14723.7 -1.46207e-15
14729.4 -1.45878e-15
14735 -1.45546e-15
14740.6 -1.45212e-15
14746.3 -1.44875e-15
14751.9 -1.44536e-15
14757.5 -1.44194e-15
14763.2 -1.4385e-15
14768.8 -1.43504e-15
14774.4 -1.43155e-15
14780.1 -1.42805e-15
14785.7 -1.42452e-15
14791.3 -1.42097e-15
14797 -1.4174e-15
14802.6 -1.41381e-15
14808.2 -1.4102e-15
14813.9 -1.40657e-15
14819.5 -1.40292e-15
14825.1 -1.39926e-15
14830.8 -1.39557e-15
14836.4 -1.39187e-15
14842 -1.38816e-15
14847.7 -1.38442e-15
14853.3 -1.38067e-15
14858.9 -1.3769e-15
14864.6 -1.37312e-15
14870.2 -1.36933e-15
14875.8 -1.36551e-15
14881.5 -1.36169e-15
14887.1 -1.35785e-15
14892.7 -1.354e-15
14898.4 -1.35013e-15
14904 -1.34625e-15
14909.6 -1.34236e-15
14915.3 -1.33846e-15
14920.9 -1.33455e-15
14926.5 -1.33062e-15
14932.2 -1.32668e-15
14937.8 -1.32274e-15
14943.4 -1.31878e-15
14949.1 -1.31481e-15
14954.7 -1.31084e-15
14960.3 -1.30685e-15
14966 -1.30286e-15
14971.6 -1.29885e-15
14977.2 -1.29484e-15
14982.9 -1.29082e-15
14988.5 -1.28679e-15
14994.1 -1.28276e-15
14999.7 -1.27872e-15
15005.4 -1.27467e-15
15011 -1.27062e-15
15016.6 -1.26655e-15
15022.3 -1.26249e-15
15027.9 -1.25842e-15
15033.5 -1.25434e-15
15039.2 -1.25026e-15
15044.8 -1.24617e-15
15050.4 -1.24208e-15
15056.1 -1.23798e-15
15061.7 -1.23388e-15
15067.3 -1.22978e-15
15073 -1.22567e-15
15078.6 -1.22156e-15
15084.2 -1.21744e-15
15089.9 -1.21333e-15
15095.5 -1.20921e-15
15101.1 -1.20509e-15
15106.8 -1.20096e-15
15112.4 -1.19684e-15
15118 -1.19271e-15
15123.7 -1.18858e-15
15129.3 -1.18445e-15
15134.9 -1.18032e-15
15140.6 -1.17619e-15
15146.2 -1.17206e-15
15151.8 -1.16793e-15
15157.5 -1.1638e-15
15163.1 -1.15967e-15
15168.7 -1.15554e-15
15174.4 -1.15141e-15
15180 -1.14728e-15
15185.6 -1.14315e-15
15191.3 -1.13902e-15
15196.9 -1.13489e-15
15202.5 -1.13077e-15
15208.2 -1.12664e-15
15213.8 -1.12252e-15
15219.4 -1.1184e-15
15225.1 -1.11429e-15
15230.7 -1.11017e-15
15236.3 -1.10606e-15
15242 -1.10195e-15
15247.6 -1.09784e-15
15253.2 -1.09374e-15
15258.9 -1.08964e-15
15264.5 -1.08554e-15
15270.1 -1.08145e-15
15275.7 -1.07736e-15
15281.4 -1.07327e-15
15287 -1.06919e-15
15292.6 -1.06511e-15
15298.3 -1.06103e-15
15303.9 -1.05696e-15
15309.5 -1.0529e-15
15315.2 -1.04884e-15
15320.8 -1.04478e-15
15326.4 -1.04073e-15
15332.1 -1.03669e-15
15337.7 -1.03264e-15
15343.3 -1.02861e-15
15349 -1.02458e-15
15354.6 -1.02055e-15
15360.2 -1.01654e-15
15365.9 -1.01252e-15
15371.5 -1.00852e-15
15377.1 -1.00451e-15
15382.8 -1.00052e-15
15388.4 -9.9653e-16
15394 -9.92548e-16
15399.7 -9.88572e-16
15405.3 -9.84602e-16
15410.9 -9.8064e-16
15416.6 -9.76684e-16
15422.2 -9.72734e-16
15427.8 -9.68792e-16
15433.5 -9.64857e-16
15439.1 -9.60929e-16
15444.7 -9.57008e-16
15450.4 -9.53095e-16
15456 -9.49189e-16
15461.6 -9.45291e-16
15467.3 -9.414e-16
15472.9 -9.37517e-16
15478.5 -9.33642e-16
15484.2 -9.29774e-16
15489.8 -9.25915e-16
15495.4 -9.22063e-16
15501.1 -9.1822e-16
15506.7 -9.14384e-16
15512.3 -9.10557e-16
15518 -9.06739e-16
15523.6 -9.02928e-16
15529.2 -8.99127e-16
15534.9 -8.95333e-16
15540.5 -8.91549e-16
15546.1 -8.87773e-16
15551.7 -8.84005e-16
15557.4 -8.80247e-16
15563 -8.76497e-16
15568.6 -8.72757e-16
15574.3 -8.69025e-16
15579.9 -8.65302e-16
15585.5 -8.61589e-16
15591.2 -8.57884e-16
15596.8 -8.54189e-16
15602.4 -8.50503e-16
15608.1 -8.46826e-16
15613.7 -8.43159e-16
15619.3 -8.39501e-16
15625 -8.35853e-16
15630.6 -8.32214e-16
15636.2 -8.28584e-16
15641.9 -8.24965e-16
15647.5 -8.21354e-16
15653.1 -8.17754e-16
15658.8 -8.14163e-16
15664.4 -8.10582e-16
15670 -8.07011e-16
15675.7 -8.0345e-16
15681.3 -7.99899e-16
15686.9 -7.96357e-16
15692.6 -7.92826e-16
15698.2 -7.89304e-16
15703.8 -7.85793e-16
15709.5 -7.82292e-16
15715.1 -7.788e-16
15720.7 -7.75319e-16
15726.4 -7.71848e-16
15732 -7.68387e-16
15737.6 -7.64937e-16
15743.3 -7.61497e-16
15748.9 -7.58066e-16
15754.5 -7.54647e-16
15760.2 -7.51237e-16
15765.8 -7.47838e-16
15771.4 -7.4445e-16
15777.1 -7.41071e-16
15782.7 -7.37703e-16
15788.3 -7.34346e-16
15794 -7.30999e-16
15799.6 -7.27662e-16
15805.2 -7.24336e-16
15810.9 -7.21021e-16
15816.5 -7.17716e-16
15822.1 -7.14422e-16
15827.7 -7.11138e-16
15833.4 -7.07864e-16
15839 -7.04602e-16
15844.6 -7.0135e-16
15850.3 -6.98108e-16
15855.9 -6.94877e-16
15861.5 -6.91657e-16
15867.2 -6.88448e-16
15872.8 -6.85249e-16
15878.4 -6.8206e-16
15884.1 -6.78883e-16
15889.7 -6.75716e-16
15895.3 -6.7256e-16
15901 -6.69414e-16
15906.6 -6.6628e-16
15912.2 -6.63156e-16
15917.9 -6.60042e-16
15923.5 -6.5694e-16
15929.1 -6.53848e-16
15934.8 -6.50767e-16
15940.4 -6.47696e-16
15946 -6.44636e-16
15951.7 -6.41587e-16
15957.3 -6.38549e-16
15962.9 -6.35522e-16
15968.6 -6.32505e-16
15974.2 -6.29499e-16
15979.8 -6.26504e-16
15985.5 -6.23519e-16
15991.1 -6.20545e-16
15996.7 -6.17582e-16
16002.4 -6.1463e-16
16008 -6.11688e-16
16013.6 -6.08757e-16
16019.3 -6.05837e-16
16024.9 -6.02927e-16
16030.5 -6.00028e-16
16036.2 -5.9714e-16
16041.8 -5.94263e-16
16047.4 -5.91396e-16
16053.1 -5.8854e-16
16058.7 -5.85695e-16
16064.3 -5.8286e-16
16070 -5.80036e-16
16075.6 -5.77222e-16
16081.2 -5.74419e-16
16086.9 -5.71627e-16
16092.5 -5.68845e-16
16098.1 -5.66074e-16
16103.7 -5.63314e-16
16109.4 -5.60564e-16
16115 -5.57825e-16
16120.6 -5.55096e-16
16126.3 -5.52378e-16
16131.9 -5.4967e-16
16137.5 -5.46973e-16
16143.2 -5.44286e-16
16148.8 -5.4161e-16
16154.4 -5.38944e-16
16160.1 -5.36289e-16
16165.7 -5.33644e-16
16171.3 -5.3101e-16
16177 -5.28386e-16
16182.6 -5.25773e-16
16188.2 -5.23169e-16
16193.9 -5.20577e-16
16199.5 -5.17994e-16
16205.1 -5.15422e-16
16210.8 -5.1286e-16
16216.4 -5.10309e-16
16222 -5.07768e-16
16227.7 -5.05237e-16
16233.3 -5.02716e-16
16238.9 -5.00206e-16
16244.6 -4.97705e-16
16250.2 -4.95215e-16
16255.8 -4.92736e-16
16261.5 -4.90266e-16
16267.1 -4.87806e-16
16272.7 -4.85357e-16
16278.4 -4.82917e-16
16284 -4.80488e-16
16289.6 -4.78069e-16
16295.3 -4.7566e-16
16300.9 -4.7326e-16
16306.5 -4.70871e-16
16312.2 -4.68492e-16
16317.8 -4.66123e-16
16323.4 -4.63763e-16
16329.1 -4.61414e-16
16334.7 -4.59074e-16
16340.3 -4.56745e-16
16346 -4.54425e-16
16351.6 -4.52115e-16
16357.2 -4.49815e-16
16362.9 -4.47524e-16
16368.5 -4.45243e-16
16374.1 -4.42972e-16
16379.7 -4.40711e-16
16385.4 -4.3846e-16
16391 -4.36218e-16
16396.6 -4.33985e-16
16402.3 -4.31763e-16
16407.9 -4.29549e-16
16413.5 -4.27346e-16
16419.2 -4.25152e-16
16424.8 -4.22967e-16
16430.4 -4.20792e-16
16436.1 -4.18627e-16
16441.7 -4.16471e-16
16447.3 -4.14324e-16
16453 -4.12187e-16
16458.6 -4.10059e-16
16464.2 -4.0794e-16
16469.9 -4.05831e-16
16475.5 -4.03731e-16
16481.1 -4.0164e-16
16486.8 -3.99558e-16
16492.4 -3.97486e-16
16498 -3.95423e-16
16503.7 -3.93369e-16
16509.3 -3.91324e-16
16514.9 -3.89288e-16
16520.6 -3.87262e-16
16526.2 -3.85244e-16
16531.8 -3.83235e-16
16537.5 -3.81236e-16
16543.1 -3.79245e-16
16548.7 -3.77264e-16
16554.4 -3.75291e-16
16560 -3.73327e-16
16565.6 -3.71372e-16
16571.3 -3.69426e-16
16576.9 -3.67488e-16
16582.5 -3.6556e-16
16588.2 -3.6364e-16
16593.8 -3.61729e-16
16599.4 -3.59827e-16
16605.1 -3.57933e-16
16610.7 -3.56048e-16
16616.3 -3.54172e-16
16622 -3.52304e-16
16627.6 -3.50445e-16
16633.2 -3.48594e-16
16638.9 -3.46752e-16
16644.5 -3.44918e-16
16650.1 -3.43093e-16
16655.7 -3.41276e-16
16661.4 -3.39468e-16
16667 -3.37668e-16
16672.6 -3.35876e-16
16678.3 -3.34093e-16
16683.9 -3.32317e-16
16689.5 -3.30551e-16
16695.2 -3.28792e-16
16700.8 -3.27042e-16
16706.4 -3.253e-16
16712.1 -3.23566e-16
16717.7 -3.2184e-16
16723.3 -3.20122e-16
16729 -3.18412e-16
16734.6 -3.1671e-16
16740.2 -3.15017e-16
16745.9 -3.13331e-16
16751.5 -3.11653e-16
16757.1 -3.09984e-16
16762.8 -3.08322e-16
16768.4 -3.06668e-16
16774 -3.05021e-16
16779.7 -3.03383e-16
16785.3 -3.01753e-16
16790.9 -3.0013e-16
16796.6 -2.98515e-16
16802.2 -2.96907e-16
16807.8 -2.95308e-16
16813.5 -2.93716e-16
16819.1 -2.92131e-16
16824.7 -2.90555e-16
16830.4 -2.88985e-16
16836 -2.87424e-16
16841.6 -2.85869e-16
16847.3 -2.84323e-16
16852.9 -2.82784e-16
16858.5 -2.81252e-16
16864.2 -2.79727e-16
16869.8 -2.7821e-16
16875.4 -2.76701e-16
16881.1 -2.75198e-16
16886.7 -2.73703e-16
16892.3 -2.72215e-16
