-130.6539   51.5103 EXPLORER, JUAN DE FUCA AND GORDA RIDGES, NE. PACIF
-130.9009   51.3196
-131.1831   51.1335
-130.1705   50.4142
-130.4103   50.1787
-130.2780   50.1274
-130.4433   49.9428
>
-130.2323   49.9266
-130.5917   49.3737
-129.0380   48.6367
-129.2035   48.1766
>
-128.9013   48.3722
-128.9753   48.1555
-129.0711   47.9937
-129.1561   47.8255
-129.2302   47.6445
-129.2850   47.4769
>
-129.0194   47.6329
-129.0792   47.4555
-129.1521   47.2550
-129.2401   47.0769
-129.3386   46.8365
-129.4755   46.6113
-129.5981   46.4060
-129.7640   46.1471
>
-129.8054   46.3578
-129.8949   46.1856
-129.9573   46.1936
-130.0166   46.0809
-130.0658   46.1055
-130.1695   45.7403
-130.1048   45.6902
-130.3192   45.0411
-130.2806   45.0228
-130.5356   44.4275
-128.6821   43.8190
-128.7414   43.7073
-127.2936   43.2627
-127.3382   43.2201
-126.6030   42.9927
-126.8168   42.6580
-126.9533   42.4142
-127.0218   42.1123
-127.0991   41.8720
-127.1609   41.8879
-127.3235   41.5368
-127.3852   41.5655
-127.5026   41.2504
-127.5473   41.0654
-127.5781   40.8484
-127.6314   40.4599
-125.9553   40.3935
-124.4718   40.3170
