0.501666 -0.112989 0.0063621 -0.993591 0.111892 0.491972 -0.501666 0.112989 -0.0063621 0.993591 -0.111892 -0.491972 -1e-10
0.488061 -0.197435 0.0199671 -0.980025 0.198225 0.491972 -0.488061 0.197435 -0.0199671 0.980025 -0.198225 -0.491972 -1e-10
0.461779 -0.292279 0.0462488 -0.953273 0.301683 0.491972 -0.461779 0.292279 -0.0462488 0.953273 -0.301683 -0.491972 -1e-10
0.489595 -0.189097 0.0182588 -0.981738 0.189589 0.492146 -0.489595 0.189097 -0.0182588 0.981738 -0.189589 -0.492146 -1e-10
0.460033 -0.296642 0.0478207 -0.951638 0.306821 0.492146 -0.460033 0.296642 -0.0478207 0.951638 -0.306821 -0.492146 -1e-10
0.500783 0.12191 0.00741944 0.99254 0.120812 0.491797 -0.500783 -0.12191 -0.00741944 -0.99254 -0.120812 -0.491797 -1e-10
0.472499 0.259133 0.035529 0.964274 0.264418 0.491972 -0.472499 -0.259133 -0.035529 -0.964274 -0.264418 -0.491972 -1e-10
0.453093 0.315535 0.0549348 0.944265 0.328794 0.491972 -0.453093 -0.315535 -0.0549348 -0.944265 -0.328794 -0.491972 -1e-10
0.390384 0.429244 0.117993 -0.876177 -0.481698 0.491623 -0.390384 -0.429244 -0.117993 0.876177 0.481698 -0.491623 -1e-10
0.419495 0.385431 0.0885335 0.90858 0.417401 0.491972 -0.419495 -0.385431 -0.0885335 -0.90858 -0.417401 -0.491972 -1e-10
0.499531 0.131629 0.00867127 -0.991299 -0.130606 0.491797 -0.499531 -0.131629 -0.00867127 0.991299 0.130606 -0.491797 -1e-10
0.455985 0.308614 0.0522179 -0.947105 -0.320504 0.491797 -0.455985 -0.308614 -0.0522179 0.947105 0.320504 -0.491797 -1e-10
0.501835 0.114597 0.00654228 0.993405 0.113425 0.491623 -0.501835 -0.114597 -0.00654228 -0.993405 -0.113425 -0.491623 -1e-10
0.483124 0.220912 0.0252534 0.97471 0.222847 0.491623 -0.483124 -0.220912 -0.0252534 -0.97471 -0.222847 -0.491623 -1e-10
0.441411 0.342961 0.0666174 -0.932012 -0.362071 0.491972 -0.441411 -0.342961 -0.0666174 0.932012 0.362071 -0.491972 -1e-10
0.473813 0.255946 0.0345646 0.965271 0.260713 0.491623 -0.473813 -0.255946 -0.0345646 -0.965271 -0.260713 -0.491623 -1e-10
0.431224 0.36439 0.0769787 -0.921032 -0.389142 0.491797 -0.431224 -0.36439 -0.0769787 0.921032 0.389142 -0.491797 -1e-10
0.500465 0.123047 0.00756328 -0.9924 -0.121999 0.491972 -0.500465 -0.123047 -0.00756328 0.9924 0.121999 -0.491972 -1e-10
0.369007 0.453558 0.13937 0.85185 0.523518 0.491623 -0.369007 -0.453558 -0.13937 -0.85185 -0.523518 -0.491623 -1e-10
0.410111 0.401141 0.0980916 0.898202 0.439277 0.491797 -0.410111 -0.401141 -0.0980916 -0.898202 -0.439277 -0.491797 -1e-10
0.372795 0.449642 0.135582 0.856211 0.516354 0.491623 -0.372795 -0.449642 -0.135582 -0.856211 -0.516354 -0.491623 -1e-10
0.441294 0.343664 0.0669083 -0.931724 -0.362796 0.491797 -0.441294 -0.343664 -0.0669083 0.931724 0.362796 -0.491797 -1e-10
-0.444034 0.70462 -0.279533 -0.700701 0.555957 -0.276433 0.444034 -0.70462 0.279533 0.700701 -0.555957 0.276433 -1e-10
0.291134 0.502979 0.217243 0.756646 0.65361 0.491623 -0.291134 -0.502979 -0.217243 -0.756646 -0.65361 -0.491623 -1e-10
0.508189 -0.0051857 1.32291e-05 -0.999852 0.00510138 0.491797 -0.508189 0.0051857 -1.32291e-05 0.999852 -0.00510138 -0.491797 -1e-10
0.490295 0.188315 0.0180823 -0.981917 -0.18857 0.491623 -0.490295 -0.188315 -0.0180823 0.981917 0.18857 -0.491623 -1e-10
-0.332396 0.720888 -0.390859 -0.606593 0.657779 -0.276745 0.332396 -0.720888 0.390859 0.606593 -0.657779 0.276745 -1e-10
-0.316271 0.716993 -0.40636 -0.592364 0.671452 -0.27737 0.316271 -0.716993 0.40636 0.592364 -0.671452 0.27737 -1e-10
-0.100673 0.500709 -0.622582 -0.333831 0.830172 -0.276745 0.100673 -0.500709 0.622582 0.333831 -0.830172 0.276745 -1e-10
-0.411095 0.711771 -0.308091 -0.679533 0.588273 -0.280814 0.411095 -0.711771 0.308091 0.679533 -0.588273 0.280814 -1e-10
-0.0604852 0.40025 -0.662145 -0.25905 0.857109 -0.27737 0.0604852 -0.40025 0.662145 0.25905 -0.857109 0.27737 -1e-10
-0.118493 0.534558 -0.602886 -0.363399 0.819699 -0.278621 0.118493 -0.534558 0.602886 0.363399 -0.819699 0.278621 -1e-10
0.405281 0.408471 0.102922 -0.892897 -0.449963 0.491797 -0.405281 -0.408471 -0.102922 0.892897 0.449963 -0.491797 -1e-10
-0.0163671 0.214768 -0.704542 -0.135172 0.886862 -0.27909 0.0163671 -0.214768 0.704542 0.135172 -0.886862 0.27909 -1e-10
-0.0228988 0.252084 -0.693773 -0.161095 0.886714 -0.283328 0.0228988 -0.252084 0.693773 0.161095 -0.886714 0.283328 -1e-10
-0.12411 0.510396 -0.524744 -0.41752 0.858514 -0.351146 0.12411 -0.510396 0.524744 0.41752 -0.858514 0.351146 -1e-10
0.476104 0.247242 0.0320984 -0.967774 -0.251284 0.491797 -0.476104 -0.247242 -0.0320984 0.967774 0.251284 -0.491797 -1e-10
0.408123 0.404203 0.10008 -0.896021 -0.443708 0.491797 -0.408123 -0.404203 -0.10008 0.896021 0.443708 -0.491797 -1e-10
0.504324 -0.0904279 0.00405355 -0.995865 0.0892819 0.491623 -0.504324 0.0904279 -0.00405355 0.995865 -0.0892819 -0.491623 -1e-10
0.309454 0.496651 0.199272 -0.779812 -0.625771 0.491274 -0.309454 -0.496651 -0.199272 0.779812 0.625771 -0.491274 -1e-10
0.270399 0.507528 0.238153 -0.729074 -0.684221 0.491448 -0.270399 -0.507528 -0.238153 0.729074 0.684221 -0.491448 -1e-10
0.325533 0.487942 0.182845 -0.800098 -0.599635 0.491623 -0.325533 -0.487942 -0.182845 0.800098 0.599635 -0.491623 -1e-10
0.471046 0.265214 0.0373311 -0.962449 -0.270945 0.491623 -0.471046 -0.265214 -0.0373311 0.962449 0.270945 -0.491623 -1e-10
0.442726 0.340065 0.0653025 -0.933399 -0.35848 0.491972 -0.442726 -0.340065 -0.0653025 0.933399 0.35848 -0.491972 -1e-10
0.384958 0.435633 0.123245 -0.870222 -0.492387 0.491797 -0.384958 -0.435633 -0.123245 0.870222 0.492387 -0.491797 -1e-10
0.485265 0.212603 0.0232862 -0.976694 -0.213953 0.491448 -0.485265 -0.212603 -0.0232862 0.976694 0.213953 -0.491448 -1e-10
0.328569 0.485889 0.179634 -0.803963 -0.594453 0.491797 -0.328569 -0.485889 -0.179634 0.803963 0.594453 -0.491797 -1e-10
0.503423 0.0962934 0.00460468 -0.995329 -0.0951919 0.491972 -0.503423 -0.0962934 -0.00460468 0.995329 0.0951919 -0.491972 -1e-10
0.506831 -0.0590594 0.0017205 -0.998161 0.0581563 0.491448 -0.506831 0.0590594 -0.0017205 0.998161 -0.0581563 -0.491448 -1e-10
0.475063 -0.251605 0.0333141 -0.966544 0.255953 0.491623 -0.475063 0.251605 -0.0333141 0.966544 -0.255953 -0.491623 -1e-10
0.499195 -0.135407 0.00918225 -0.990789 0.134376 0.491623 -0.499195 0.135407 -0.00918225 0.990789 -0.134376 -0.491623 -1e-10
0.478418 -0.239443 0.0299597 -0.96995 0.242725 0.491623 -0.478418 0.239443 -0.0299597 0.96995 -0.242725 -0.491623 -1e-10
0.499551 -0.1328 0.00882587 -0.991142 0.131742 0.491623 -0.499551 0.1328 -0.00882587 0.991142 -0.131742 -0.491623 -1e-10
0.457804 -0.303795 0.050399 -0.948992 0.314872 0.491797 -0.457804 0.303795 -0.050399 0.948992 -0.314872 -0.491797 -1e-10
0.485109 -0.211688 0.0230937 -0.976883 0.213142 0.491797 -0.485109 0.211688 -0.0230937 0.976883 -0.213142 -0.491797 -1e-10
0.466846 -0.277901 0.0413569 -0.958318 0.285231 0.491797 -0.466846 0.277901 -0.0413569 0.958318 -0.285231 -0.491797 -1e-10
0.499773 -0.129816 0.00842992 -0.991538 0.128776 0.491797 -0.499773 0.129816 -0.00842992 0.991538 -0.128776 -0.491797 -1e-10
