-0.467  0.354  0.577  0.000  0.000  0.331  0.218  0.350  0.210
-0.158  0.354  0.000 -0.562 -0.133 -0.247 -0.537 -0.210  0.350
-0.176  0.000  0.289 -0.396  0.420 -0.403  0.237 -0.139 -0.560
-0.158  0.354  0.000  0.562  0.133 -0.247 -0.537  0.210 -0.350
-0.467  0.354 -0.577  0.000  0.000  0.331  0.218 -0.350 -0.210
-0.176  0.000 -0.289  0.165  0.553 -0.403  0.237  0.139  0.560
-0.176  0.000  0.289  0.396 -0.420 -0.403  0.237 -0.560  0.139
-0.176  0.000 -0.289 -0.165 -0.553 -0.403  0.237  0.560 -0.139
-0.625 -0.707  0.000  0.000  0.000  0.084 -0.320  0.000  0.000

10.111  0.000  0.000  0.000  0.000  0.000  0.000  0.000  0.000
 0.000  4.000  0.000  0.000  0.000  0.000  0.000  0.000  0.000
 0.000  0.000  3.000  0.000  0.000  0.000  0.000  0.000  0.000
 0.000  0.000  0.000  3.000  0.000  0.000  0.000  0.000  0.000
 0.000  0.000  0.000  0.000  3.000  0.000  0.000  0.000  0.000
 0.000  0.000  0.000  0.000  0.000  2.582  0.000  0.000  0.000
 0.000  0.000  0.000  0.000  0.000  0.000  0.306  0.000  0.000
 0.000  0.000  0.000  0.000  0.000  0.000  0.000  0.000  0.000
 0.000  0.000  0.000  0.000  0.000  0.000  0.000  0.000  0.000

-0.467 -0.158 -0.176 -0.158 -0.467 -0.176 -0.176 -0.176 -0.625
 0.354  0.354  0.000  0.354  0.354  0.000  0.000  0.000 -0.707
 0.577  0.000  0.289  0.000 -0.577 -0.289  0.289 -0.289  0.000
 0.000 -0.562 -0.396  0.562  0.000  0.165  0.396 -0.165  0.000
 0.000 -0.133  0.420  0.133  0.000  0.553 -0.420 -0.553  0.000
 0.331 -0.247 -0.403 -0.247  0.331 -0.403 -0.403 -0.403  0.084
 0.218 -0.537  0.237 -0.537  0.218  0.237  0.237  0.237 -0.320
-0.011  0.408 -0.397 -0.408  0.011  0.397  0.419 -0.419  0.000
 0.408  0.011 -0.419 -0.011 -0.408  0.419 -0.397  0.397  0.000
