   1 626.03450  0.1000
   1 629.77640  0.1000
   1 645.18100  0.1000
   1 685.74410  0.1000
   1 740.10890  0.1000
   1 779.47130  0.1000
   1 829.06100  0.1000
   1 518.39000  0.1000
   1 518.99420  0.1000
   1 545.03420  0.1000
   1 600.96570  0.1000
   1 636.66790  0.1000
   1 690.47330  0.1000
   1 780.36770  0.1000
   1 395.71120  0.1000
   1 412.09340  0.1000
   1 455.07880  0.1000
   1 490.70590  0.1000
   1 554.10940  0.1000
   1 644.24480  0.1000
   1 742.69270  0.1000
   1 293.66420  0.1000
   1 303.72980  0.1000
   1 345.98760  0.1000
   1 413.26000  0.1000
   1 505.60950  0.1000
   1 608.79850  0.1000
   1 702.75500  0.1000
   1 179.04460  0.1000
   1 200.74610  0.1000
   1 265.68260  0.1000
   1 370.96220  0.1000
   1 473.81280  0.1000
   1 562.67090  0.1000
   1 675.23000  0.1000
   1 627.36300  0.1000
   1 606.94450  0.1000
   1 598.02050  0.1000
   1 609.86310  0.1000
   1 630.35180  0.1000
   1 664.32150  0.1000
   1 712.16640  0.1000
   1 534.43660  0.1000
   1 498.71830  0.1000
   1 486.56720  0.1000
   1 506.58890  0.1000
   1 524.31100  0.1000
   1 572.92770  0.1000
   1 660.71430  0.1000
   1 419.97420  0.1000
   1 390.81480  0.1000
   1 378.51910  0.1000
   1 385.48540  0.1000
   1 434.62810  0.1000
   1 517.51930  0.1000
   1 565.90900  0.1000
   1 338.67140  0.1000
   1 279.56990  0.1000
   1 264.44980  0.1000
   1 290.53490  0.1000
   1 356.83340  0.1000
   1 419.14360  0.1000
   1 493.09820  0.1000
   1 281.10440  0.1000
   1 187.58300  0.1000
   1 154.85940  0.1000
   1 199.02510  0.1000
   1 268.71440  0.1000
   1 349.31380  0.1000
   1 459.70320  0.1000
   1 669.22110  0.1000
   1 621.19680  0.1000
   1 586.75540  0.1000
   1 564.26670  0.1000
   1 552.49720  0.1000
   1 561.70110  0.1000
   1 584.30080  0.1000
   1 618.13430  0.1000
   1 530.05130  0.1000
   1 480.90740  0.1000
   1 462.22520  0.1000
   1 441.01010  0.1000
   1 455.11310  0.1000
   1 491.85340  0.1000
   1 546.54530  0.1000
   1 476.10530  0.1000
   1 391.91110  0.1000
   1 341.43960  0.1000
   1 332.96860  0.1000
   1 347.45200  0.1000
   1 378.38460  0.1000
   1 476.10390  0.1000
   1 398.78670  0.1000
   1 321.71940  0.1000
   1 247.63840  0.1000
   1 218.93120  0.1000
   1 236.74970  0.1000
   1 298.89650  0.1000
   1 447.20900  0.1000
   1 335.00520  0.1000
   1 248.34290  0.1000
   1 163.70370  0.1000
   1 109.21690  0.1000
   1 148.97410  0.1000
   1 250.89460  0.1000
   1 829.06100  0.1000
   1 779.47130  0.1000
   1 740.10890  0.1000
   1 685.74410  0.1000
   1 645.18100  0.1000
   1 629.77640  0.1000
   1 626.03450  0.1000
   1 780.36770  0.1000
   1 690.47330  0.1000
   1 636.66790  0.1000
   1 600.96570  0.1000
   1 545.03420  0.1000
   1 518.99420  0.1000
   1 518.39000  0.1000
   1 742.69270  0.1000
   1 644.24480  0.1000
   1 554.10940  0.1000
   1 490.70590  0.1000
   1 455.07880  0.1000
   1 412.09340  0.1000
   1 395.71120  0.1000
   1 702.75500  0.1000
   1 608.79850  0.1000
   1 505.60950  0.1000
   1 413.26000  0.1000
   1 345.98760  0.1000
   1 303.72980  0.1000
   1 293.66420  0.1000
   1 675.23000  0.1000
   1 562.67090  0.1000
   1 473.81280  0.1000
   1 370.96220  0.1000
   1 265.68260  0.1000
   1 200.74610  0.1000
   1 179.04460  0.1000
   1 458.27200  0.1000
   1 496.01340  0.1000
   1 534.07090  0.1000
   1 582.42070  0.1000
   1 658.62080  0.1000
   1 751.99870  0.1000
   1 830.41030  0.1000
   1 362.48680  0.1000
   1 391.52600  0.1000
   1 443.21870  0.1000
   1 531.78380  0.1000
   1 629.93980  0.1000
   1 706.95310  0.1000
   1 802.79830  0.1000
   1 247.31700  0.1000
   1 306.33370  0.1000
   1 395.25790  0.1000
   1 493.46890  0.1000
   1 585.09770  0.1000
   1 679.44010  0.1000
   1 779.00780  0.1000
   1 164.72470  0.1000
   1 256.34970  0.1000
   1 360.70390  0.1000
   1 457.89200  0.1000
   1 559.17100  0.1000
   1 670.35440  0.1000
   1 770.45080  0.1000
   1 132.54000  0.1000
   1 246.23360  0.1000
   1 343.18580  0.1000
   1 456.50930  0.1000
   1 568.00870  0.1000
   1 663.63750  0.1000
   1 777.42330  0.1000
   1 153.05200  0.1000
   1 229.74260  0.1000
   1 326.60150  0.1000
   1 407.59910  0.1000
   1 493.59820  0.1000
   1 594.85510  0.1000
   1 680.89400  0.1000
   1 117.41470  0.1000
   1 215.89780  0.1000
   1 305.88720  0.1000
   1 405.38640  0.1000
   1 502.52960  0.1000
   1 592.09770  0.1000
   1 691.82780  0.1000
   1 161.35120  0.1000
   1 250.29370  0.1000
   1 342.15290  0.1000
   1 428.85620  0.1000
   1 525.15740  0.1000
   1 622.91910  0.1000
   1 716.38870  0.1000
   1 241.24800  0.1000
   1 307.53630  0.1000
   1 406.44370  0.1000
   1 481.63450  0.1000
   1 566.08720  0.1000
   1 672.61900  0.1000
   1 755.52900  0.1000
   1 351.55290  0.1000
   1 387.48080  0.1000
   1 455.09320  0.1000
   1 554.86820  0.1000
   1 632.81920  0.1000
   1 708.93020  0.1000
   1 813.57110  0.1000
   1 211.85260  0.1000
   1 276.38820  0.1000
   1 362.96720  0.1000
   1 429.05830  0.1000
   1 507.11540  0.1000
   1 602.40490  0.1000
   1 670.36430  0.1000
   1 313.54980  0.1000
   1 351.70650  0.1000
   1 416.99420  0.1000
   1 502.44890  0.1000
   1 568.73350  0.1000
   1 640.47600  0.1000
   1 729.51320  0.1000
   1 427.77380  0.1000
   1 450.62730  0.1000
   1 489.10360  0.1000
   1 561.45200  0.1000
   1 652.79330  0.1000
   1 707.15920  0.1000
   1 782.48700  0.1000
   1 522.10870  0.1000
   1 559.53770  0.1000
   1 595.05220  0.1000
   1 631.70950  0.1000
   1 705.10680  0.1000
   1 807.54960  0.1000
   1 849.92540  0.1000
   1 635.44680  0.1000
   1 663.64870  0.1000
   1 704.51290  0.1000
   1 737.84620  0.1000
   1 780.38110  0.1000
   1 851.22360  0.1000
   1 953.16110  0.1000
   1 154.21240  0.1000
   1 184.08340  0.1000
   1 246.77800  0.1000
   1 303.02930  0.1000
   1 377.33300  0.1000
   1 470.48280  0.1000
   1 539.23590  0.1000
   1 262.99850  0.1000
   1 282.42940  0.1000
   1 331.79500  0.1000
   1 392.64240  0.1000
   1 443.53650  0.1000
   1 513.43730  0.1000
   1 601.43940  0.1000
   1 385.68870  0.1000
   1 386.87170  0.1000
   1 415.09140  0.1000
   1 481.30860  0.1000
   1 538.31980  0.1000
   1 581.71940  0.1000
   1 656.39340  0.1000
   1 487.41280  0.1000
   1 497.67020  0.1000
   1 523.40100  0.1000
   1 556.15840  0.1000
   1 627.30740  0.1000
   1 685.38460  0.1000
   1 724.34410  0.1000
   1 601.84110  0.1000
   1 605.99300  0.1000
   1 633.41190  0.1000
   1 663.65030  0.1000
   1 704.20840  0.1000
   1 774.23550  0.1000
   1 829.72710  0.1000
   1 211.76180  0.1000
   1 163.36420  0.1000
   1 135.02350  0.1000
   1 152.99490  0.1000
   1 217.25110  0.1000
   1 304.94780  0.1000
   1 372.68880  0.1000
   1 305.04360  0.1000
   1 272.00840  0.1000
   1 246.28530  0.1000
   1 256.39920  0.1000
   1 292.76300  0.1000
   1 358.19150  0.1000
   1 443.71900  0.1000
   1 414.07700  0.1000
   1 368.89460  0.1000
   1 354.22120  0.1000
   1 376.04680  0.1000
   1 391.48370  0.1000
   1 430.06030  0.1000
   1 503.19060  0.1000
   1 504.89430  0.1000
   1 477.98430  0.1000
   1 468.26860  0.1000
   1 471.54130  0.1000
   1 500.76060  0.1000
   1 534.73080  0.1000
   1 572.34180  0.1000
   1 616.05220  0.1000
   1 588.34250  0.1000
   1 578.30000  0.1000
   1 584.79870  0.1000
   1 607.71960  0.1000
   1 644.28720  0.1000
   1 678.16020  0.1000
   1 380.55300  0.1000
   1 315.24580  0.1000
   1 231.82000  0.1000
   1 171.27640  0.1000
   1 156.39370  0.1000
   1 179.28920  0.1000
   1 221.71500  0.1000
   1 458.88890  0.1000
   1 374.52750  0.1000
   1 310.40770  0.1000
   1 275.85870  0.1000
   1 267.65210  0.1000
   1 289.59420  0.1000
   1 318.17490  0.1000
   1 520.14560  0.1000
   1 447.44230  0.1000
   1 409.74890  0.1000
   1 396.39260  0.1000
   1 375.59340  0.1000
   1 390.15510  0.1000
   1 429.61170  0.1000
   1 589.63340  0.1000
   1 552.32150  0.1000
   1 519.24320  0.1000
   1 492.64460  0.1000
   1 489.64250  0.1000
   1 499.31270  0.1000
   1 521.09740  0.1000
   1 695.55410  0.1000
   1 661.93620  0.1000
   1 626.30150  0.1000
   1 605.94060  0.1000
   1 599.67180  0.1000
   1 609.67550  0.1000
   1 633.47690  0.1000
   1 541.40940  0.1000
   1 473.81950  0.1000
   1 383.20430  0.1000
   1 311.76350  0.1000
   1 261.83510  0.1000
   1 207.05880  0.1000
   1 180.40990  0.1000
   1 608.25370  0.1000
   1 521.00290  0.1000
   1 452.47110  0.1000
   1 405.54130  0.1000
   1 354.48240  0.1000
   1 308.05940  0.1000
   1 289.19590  0.1000
   1 664.62010  0.1000
   1 590.42330  0.1000
   1 548.58880  0.1000
   1 504.47750  0.1000
   1 439.52660  0.1000
   1 412.83480  0.1000
   1 411.88520  0.1000
   1 732.94320  0.1000
   1 694.42710  0.1000
   1 650.89260  0.1000
   1 580.22490  0.1000
   1 548.28330  0.1000
   1 523.70770  0.1000
   1 513.56850  0.1000
   1 838.46810  0.1000
   1 797.99360  0.1000
   1 728.14140  0.1000
   1 687.97070  0.1000
   1 658.36630  0.1000
   1 632.05620  0.1000
   1 627.98430  0.1000
   1 622.53720  0.1000
   1 546.03230  0.1000
   1 447.66490  0.1000
   1 367.99940  0.1000
   1 296.44440  0.1000
   1 203.68260  0.1000
   1 136.13420  0.1000
   1 669.16380  0.1000
   1 579.65870  0.1000
   1 506.97510  0.1000
   1 428.74580  0.1000
   1 342.38880  0.1000
   1 276.20900  0.1000
   1 238.01840  0.1000
   1 721.18530  0.1000
   1 645.49850  0.1000
   1 577.95090  0.1000
   1 486.38590  0.1000
   1 413.76100  0.1000
   1 374.84360  0.1000
   1 354.83480  0.1000
   1 788.34350  0.1000
   1 732.48760  0.1000
   1 629.92280  0.1000
   1 556.42840  0.1000
   1 519.58090  0.1000
   1 483.70070  0.1000
   1 450.19660  0.1000
   1 877.95070  0.1000
   1 776.00460  0.1000
   1 705.12700  0.1000
   1 662.49680  0.1000
   1 628.87530  0.1000
   1 591.09470  0.1000
   1 563.69280  0.1000
   1 680.87640  0.1000
   1 594.83670  0.1000
   1 493.57930  0.1000
   1 407.57880  0.1000
   1 326.56720  0.1000
   1 229.68300  0.1000
   1 152.96530  0.1000
   1 691.82070  0.1000
   1 592.09110  0.1000
   1 502.52380  0.1000
   1 405.38220  0.1000
   1 305.88340  0.1000
   1 215.89510  0.1000
   1 117.41510  0.1000
   1 716.38460  0.1000
   1 622.91900  0.1000
   1 525.15770  0.1000
   1 428.85660  0.1000
   1 342.15270  0.1000
   1 250.29320  0.1000
   1 161.35050  0.1000
   1 755.52930  0.1000
   1 672.61930  0.1000
   1 566.08750  0.1000
   1 481.63390  0.1000
   1 406.44330  0.1000
   1 307.53590  0.1000
   1 241.24780  0.1000
   1 813.57140  0.1000
   1 708.92960  0.1000
   1 632.81870  0.1000
   1 554.86770  0.1000
   1 455.09280  0.1000
   1 387.48050  0.1000
   1 351.55270  0.1000
   1 710.73910  0.1000
   1 632.14520  0.1000
   1 538.36180  0.1000
   1 461.74650  0.1000
   1 412.25210  0.1000
   1 371.67490  0.1000
   1 339.03630  0.1000
   1 687.97850  0.1000
   1 591.94850  0.1000
   1 511.39170  0.1000
   1 412.63930  0.1000
   1 322.94910  0.1000
   1 268.31290  0.1000
   1 238.47840  0.1000
   1 680.60720  0.1000
   1 579.83730  0.1000
   1 479.34700  0.1000
   1 379.51340  0.1000
   1 280.22040  0.1000
   1 187.72360  0.1000
   1 122.02130  0.1000
   1 685.45210  0.1000
   1 584.84240  0.1000
   1 473.31630  0.1000
   1 372.48910  0.1000
   1 271.51480  0.1000
   1 159.98990  0.1000
   1  59.61030  0.1000
   1 704.69080  0.1000
   1 591.63810  0.1000
   1 499.40030  0.1000
   1 397.00750  0.1000
   1 287.01660  0.1000
   1 202.11920  0.1000
   1 133.04140  0.1000
