3 0.027900
4 0.038600
5 0.045900
6 0.055100
7 0.066300
8 0.079600
9 0.097300
10 0.122900
11 0.157700
12 0.180200
13 0.216800
14 0.255400
15 0.291000
16 0.335600
17 0.390300
18 0.420900
19 0.478300
20 0.523500
21 0.567300
22 0.612700
23 0.645000
24 0.677200
25 0.722800
26 0.759300
27 0.781700
28 0.806400
29 0.838100
30 0.848600
31 0.871100
32 0.886100
33 0.900900
34 0.915600
35 0.928000
36 0.938000
37 0.948000
38 0.952900
39 0.963300
40 0.966000
41 0.969200
42 0.974400
43 0.977500
44 0.982000
45 0.983300
46 0.986000
47 0.988700
48 0.988100
49 0.990300
50 0.992700
51 0.995200
52 0.993900
53 0.995100
54 0.997000
55 0.997300
56 0.998700
57 0.997600
58 0.998000
59 0.997900
60 0.998600
61 0.999100
62 0.999100
63 0.999300
64 0.999400
65 0.999000
66 0.999300
67 0.999600
68 0.999100
69 0.999800
70 0.999900
71 0.999700
72 0.999900
73 1.000000
74 0.999800
75 0.999800
76 0.999800
77 1.000000
78 1.000000
79 1.000000
80 0.999900
81 1.000000
82 1.000000
83 1.000000
84 1.000000
85 1.000000
86 1.000000
87 0.999900
88 1.000000
89 1.000000
90 1.000000
91 1.000000
92 1.000000
93 1.000000
94 1.000000
95 1.000000
96 1.000000
97 1.000000
98 1.000000
99 1.000000
