     0.80000    3.13018    1.78867    1.66818
     0.80000    3.40292    1.94453    1.76639
     0.60000    3.64520    2.08297    1.85364
     0.80000    3.87109    2.21205    1.93498
     0.60000    4.11836    2.35335    2.02402
     2.40000    4.98443    2.84825    2.33589
     2.40000    6.10431    3.48818    2.73916
     2.40000    6.19790    3.54166    2.77287
     2.40000    6.27503    3.58573    2.80064
     2.40000    6.33758    3.62147    2.82316
     2.40000    6.39070    3.65183    2.84229
     2.40000    6.43329    3.67617    2.85763
     2.40000    6.46880    3.69646    2.87042
     2.40000    6.49839    3.71337    2.88107
     2.40000    6.52435    3.72820    2.89042
     2.40000    6.54786    3.74164    2.89888
     2.40000    6.57148    3.75513    2.90739
     2.40000    6.59655    3.76945    2.91642
     2.40000    6.62492    3.78567    2.92663
     2.40000    6.65861    3.80492    2.93876
     2.40000    6.69936    3.82821    2.95344
     2.40000    6.74930    3.85675    2.97142
     2.40000    6.81222    3.89270    2.99408
     2.40000    6.88566    3.93466    3.02053
     2.40000    6.97516    3.98581    3.05275
     1.80000    7.06030    4.03446    3.08341
     6.60000    7.34564    4.19751    3.18617
     6.00000    7.78004    4.44574    3.34259
     6.00000    7.87426    4.49958    3.37652
     6.00000    7.94698    4.54113    3.40271
     6.00000    7.99291    4.56738    3.41925
     6.00000    8.02407    4.58518    3.43047
     6.00000    8.03310    4.59034    3.43372
     6.00000    8.03362    4.59064    3.43391
     6.00000    8.02191    4.58395    3.42969
     6.00000    7.99885    4.57077    3.42138
     6.00000    7.97018    4.55439    3.41106
     6.00000    7.93590    4.53480    3.39872
     6.00000    7.90051    4.51458    3.38598
     6.00000    7.86284    4.49305    3.37241
     6.00000    7.82899    4.47371    3.36022
     6.00000    7.80008    4.45719    3.34981
     6.00000    7.77672    4.44384    3.34140
     6.00000    7.76335    4.43620    3.33658
     6.00000    7.76314    4.43608    3.33651
     6.00000    7.77282    4.44161    3.33999
     6.00000    7.80819    4.46182    3.35273
     6.00000    7.86704    4.49545    3.37392
     6.00000    7.91350    4.52200    3.39065
     6.00000    8.02412    4.58521    3.43048
