 WESTERN US MODEL: (    0.0000    0.000) isotropic
   1    1.00000  1
   220  33  66
      0. 13088.50 11262.20  3667.80   1327.7     84.6 11262.20  3667.80  1.00000
  38172. 13088.18 11261.97  3667.64   1327.7     84.6 11261.97  3667.64  1.00000
  76344. 13087.23 11261.29  3667.16   1327.7     84.6 11261.29  3667.16  1.00000
 114516. 13085.64 11260.14  3666.36   1327.7     84.6 11260.14  3666.36  1.00000
 152688. 13083.42 11258.54  3665.25   1327.7     84.6 11258.54  3665.25  1.00000
 190859. 13080.57 11256.49  3663.81   1327.7     84.6 11256.49  3663.81  1.00000
 229031. 13077.08 11253.98  3662.05   1327.7     84.6 11253.98  3662.05  1.00000
 267203. 13072.95 11251.01  3659.98   1327.7     84.6 11251.01  3659.98  1.00000
 305375. 13068.19 11247.58  3657.58   1327.7     84.6 11247.58  3657.58  1.00000
 343547. 13062.80 11243.70  3654.87   1327.7     84.6 11243.70  3654.87  1.00000
 381719. 13056.77 11239.35  3651.83   1327.7     84.6 11239.35  3651.83  1.00000
 419891. 13050.11 11234.56  3648.48   1327.7     84.6 11234.56  3648.48  1.00000
 458062. 13042.81 11229.30  3644.81   1327.7     84.6 11229.30  3644.81  1.00000
 496234. 13034.88 11223.59  3640.82   1327.7     84.6 11223.59  3640.82  1.00000
 534406. 13026.31 11217.42  3636.51   1327.7     84.6 11217.42  3636.51  1.00000
 572578. 13017.11 11210.80  3631.88   1327.7     84.6 11210.80  3631.88  1.00000
 610750. 13007.28 11203.72  3626.93   1327.7     84.6 11203.72  3626.93  1.00000
 648922. 12996.81 11196.18  3621.66   1327.7     84.6 11196.18  3621.66  1.00000
 687094. 12985.70 11188.18  3616.07   1327.7     84.6 11188.18  3616.07  1.00000
 725266. 12973.97 11179.73  3610.16   1327.7     84.6 11179.73  3610.16  1.00000
 763438. 12961.59 11170.82  3603.94   1327.7     84.6 11170.82  3603.94  1.00000
 801609. 12948.58 11161.45  3597.39   1327.7     84.6 11161.45  3597.39  1.00000
 839781. 12934.94 11151.63  3590.53   1327.7     84.6 11151.63  3590.53  1.00000
 877953. 12920.66 11141.35  3583.34   1327.7     84.6 11141.35  3583.34  1.00000
 916125. 12905.75 11130.61  3575.84   1327.7     84.6 11130.61  3575.84  1.00000
 954297. 12890.21 11119.42  3568.01   1327.7     84.6 11119.42  3568.01  1.00000
 992469. 12874.02 11107.76  3559.87   1327.7     84.6 11107.76  3559.87  1.00000
1030641. 12857.21 11095.66  3551.41   1327.7     84.6 11095.66  3551.41  1.00000
1068812. 12839.76 11083.09  3542.63   1327.7     84.6 11083.09  3542.63  1.00000
1106984. 12821.67 11070.07  3533.53   1327.7     84.6 11070.07  3533.53  1.00000
1145156. 12802.96 11056.59  3524.11   1327.7     84.6 11056.59  3524.11  1.00000
1183328. 12783.60 11042.65  3514.37   1327.7     84.6 11042.65  3514.37  1.00000
1221500. 12763.61 11028.26  3504.31   1327.7     84.6 11028.26  3504.31  1.00000
1221500. 12166.33 10355.72     0.00  57823.0      0.0 10355.72     0.00  1.00000
1292078. 12129.26 10314.43     0.00  57823.0      0.0 10314.43     0.00  1.00000
1362656. 12090.47 10272.30     0.00  57823.0      0.0 10272.30     0.00  1.00000
1433234. 12049.91 10229.21     0.00  57823.0      0.0 10229.21     0.00  1.00000
1503812. 12007.54 10185.05     0.00  57823.0      0.0 10185.05     0.00  1.00000
1574391. 11963.32 10139.71     0.00  57823.0      0.0 10139.71     0.00  1.00000
1644969. 11917.20 10093.08     0.00  57823.0      0.0 10093.08     0.00  1.00000
1715547. 11869.14 10045.05     0.00  57823.0      0.0 10045.05     0.00  1.00000
1786125. 11819.08  9995.51     0.00  57823.0      0.0  9995.51     0.00  1.00000
1856703. 11766.99  9944.34     0.00  57823.0      0.0  9944.34     0.00  1.00000
1927281. 11712.82  9891.43     0.00  57823.0      0.0  9891.43     0.00  1.00000
1997859. 11656.52  9836.69     0.00  57823.0      0.0  9836.69     0.00  1.00000
2068438. 11598.05  9779.98     0.00  57823.0      0.0  9779.98     0.00  1.00000
2139016. 11537.37  9721.22     0.00  57823.0      0.0  9721.22     0.00  1.00000
2209594. 11474.42  9660.27     0.00  57823.0      0.0  9660.27     0.00  1.00000
2280172. 11409.17  9597.04     0.00  57823.0      0.0  9597.04     0.00  1.00000
2350750. 11341.57  9531.41     0.00  57823.0      0.0  9531.41     0.00  1.00000
2421328. 11271.58  9463.27     0.00  57823.0      0.0  9463.27     0.00  1.00000
2491906. 11199.14  9392.50     0.00  57823.0      0.0  9392.50     0.00  1.00000
2562484. 11124.21  9319.01     0.00  57823.0      0.0  9319.01     0.00  1.00000
2633062. 11046.76  9242.68     0.00  57823.0      0.0  9242.68     0.00  1.00000
2703641. 10966.73  9163.40     0.00  57823.0      0.0  9163.40     0.00  1.00000
2774219. 10884.07  9081.05     0.00  57823.0      0.0  9081.05     0.00  1.00000
2844797. 10798.75  8995.53     0.00  57823.0      0.0  8995.53     0.00  1.00000
2915375. 10710.72  8906.73     0.00  57823.0      0.0  8906.73     0.00  1.00000
2985953. 10619.93  8814.53     0.00  57823.0      0.0  8814.53     0.00  1.00000
3056531. 10526.34  8718.83     0.00  57823.0      0.0  8718.83     0.00  1.00000
3127109. 10429.91  8619.51     0.00  57823.0      0.0  8619.51     0.00  1.00000
3197688. 10330.58  8516.46     0.00  57823.0      0.0  8516.46     0.00  1.00000
3268266. 10228.31  8409.58     0.00  57823.0      0.0  8409.58     0.00  1.00000
3338844. 10123.06  8298.74     0.00  57823.0      0.0  8298.74     0.00  1.00000
3409422. 10014.79  8183.85     0.00  57823.0      0.0  8183.85     0.00  1.00000
3480000.  9903.44  8064.79     0.00  57823.0      0.0  8064.79     0.00  1.00000
3480000.  5566.46 13716.62  7264.65  57823.0    312.0 13716.62  7264.65  1.00000
3517500.  5547.67 13707.45  7265.03  57823.0    312.0 13707.45  7265.03  1.00000
3555000.  5528.91 13698.36  7265.37  57823.0    312.0 13698.36  7265.37  1.00000
3592500.  5510.18 13689.36  7265.69  57823.0    312.0 13689.36  7265.69  1.00000
3630000.  5491.48 13680.44  7265.97  57823.0    312.0 13680.44  7265.97  1.00000
3630000.  5491.48 13680.42  7265.93  57823.0    312.0 13680.42  7265.93  1.00000
3666482.  5473.29 13636.25  7249.23  57823.0    312.0 13636.25  7249.23  1.00000
3702963.  5455.13 13592.44  7232.63  57823.0    312.0 13592.44  7232.63  1.00000
3739444.  5436.97 13548.96  7216.12  57823.0    312.0 13548.96  7216.12  1.00000
3775926.  5418.82 13505.78  7199.68  57823.0    312.0 13505.78  7199.68  1.00000
3812407.  5400.67 13462.87  7183.30  57823.0    312.0 13462.87  7183.30  1.00000
3848889.  5382.52 13420.19  7166.98  57823.0    312.0 13420.19  7166.98  1.00000
3885370.  5364.37 13377.73  7150.70  57823.0    312.0 13377.73  7150.70  1.00000
3921852.  5346.21 13335.45  7134.44  57823.0    312.0 13335.45  7134.44  1.00000
3958333.  5328.04 13293.32  7118.21  57823.0    312.0 13293.32  7118.21  1.00000
3994815.  5309.85 13251.30  7102.00  57823.0    312.0 13251.30  7102.00  1.00000
4031296.  5291.65 13209.38  7085.78  57823.0    312.0 13209.38  7085.78  1.00000
4067778.  5273.43 13167.51  7069.55  57823.0    312.0 13167.51  7069.55  1.00000
4104259.  5255.18 13125.68  7053.30  57823.0    312.0 13125.68  7053.30  1.00000
4140741.  5236.91 13083.84  7037.02  57823.0    312.0 13083.84  7037.02  1.00000
4177222.  5218.60 13041.98  7020.70  57823.0    312.0 13041.98  7020.70  1.00000
4213704.  5200.26 13000.05  7004.32  57823.0    312.0 13000.05  7004.32  1.00000
4250185.  5181.88 12958.04  6987.89  57823.0    312.0 12958.04  6987.89  1.00000
4286667.  5163.46 12915.90  6971.38  57823.0    312.0 12915.90  6971.38  1.00000
4323148.  5145.00 12873.61  6954.79  57823.0    312.0 12873.61  6954.79  1.00000
4359630.  5126.48 12831.15  6938.10  57823.0    312.0 12831.15  6938.10  1.00000
4396111.  5107.92 12788.47  6921.31  57823.0    312.0 12788.47  6921.31  1.00000
4432593.  5089.29 12745.55  6904.41  57823.0    312.0 12745.55  6904.41  1.00000
4469074.  5070.61 12702.36  6887.38  57823.0    312.0 12702.36  6887.38  1.00000
4505556.  5051.87 12658.87  6870.21  57823.0    312.0 12658.87  6870.21  1.00000
4542037.  5033.06 12615.05  6852.90  57823.0    312.0 12615.05  6852.90  1.00000
4578518.  5014.18 12570.87  6835.43  57823.0    312.0 12570.87  6835.43  1.00000
4615000.  4995.22 12526.30  6817.80  57823.0    312.0 12526.30  6817.80  1.00000
4651482.  4976.19 12481.31  6799.99  57823.0    312.0 12481.31  6799.99  1.00000
4687963.  4957.08 12435.87  6781.99  57823.0    312.0 12435.87  6781.99  1.00000
4724444.  4937.89 12389.94  6763.79  57823.0    312.0 12389.94  6763.79  1.00000
4760926.  4918.61 12343.51  6745.38  57823.0    312.0 12343.51  6745.38  1.00000
4797407.  4899.24 12296.54  6726.76  57823.0    312.0 12296.54  6726.76  1.00000
4833889.  4879.78 12248.99  6707.90  57823.0    312.0 12248.99  6707.90  1.00000
4870370.  4860.21 12200.85  6688.80  57823.0    312.0 12200.85  6688.80  1.00000
4906852.  4840.55 12152.07  6669.46  57823.0    312.0 12152.07  6669.46  1.00000
4943333.  4820.79 12102.63  6649.85  57823.0    312.0 12102.63  6649.85  1.00000
4979815.  4800.91 12052.51  6629.97  57823.0    312.0 12052.51  6629.97  1.00000
5016296.  4780.93 12001.66  6609.81  57823.0    312.0 12001.66  6609.81  1.00000
5052778.  4760.83 11950.06  6589.36  57823.0    312.0 11950.06  6589.36  1.00000
5089259.  4740.61 11897.68  6568.61  57823.0    312.0 11897.68  6568.61  1.00000
5125741.  4720.27 11844.49  6547.54  57823.0    312.0 11844.49  6547.54  1.00000
5162222.  4699.80 11790.46  6526.15  57823.0    312.0 11790.46  6526.15  1.00000
5198704.  4679.21 11735.56  6504.42  57823.0    312.0 11735.56  6504.42  1.00000
5235185.  4658.48 11679.76  6482.35  57823.0    312.0 11679.76  6482.35  1.00000
5271667.  4637.62 11623.02  6459.92  57823.0    312.0 11623.02  6459.92  1.00000
5308148.  4616.62 11565.33  6437.13  57823.0    312.0 11565.33  6437.13  1.00000
5344630.  4595.48 11506.65  6413.97  57823.0    312.0 11506.65  6413.97  1.00000
5381111.  4574.19 11446.94  6390.41  57823.0    312.0 11446.94  6390.41  1.00000
5417593.  4552.75 11386.18  6366.46  57823.0    312.0 11386.18  6366.46  1.00000
5454074.  4531.16 11324.35  6342.10  57823.0    312.0 11324.35  6342.10  1.00000
5490556.  4509.42 11261.40  6317.33  57823.0    312.0 11261.40  6317.33  1.00000
5527037.  4487.51 11197.31  6292.13  57823.0    312.0 11197.31  6292.13  1.00000
5563518.  4465.44 11132.05  6266.48  57823.0    312.0 11132.05  6266.48  1.00000
5600000.  4443.20 11065.59  6240.39  57823.0    312.0 11065.59  6240.39  1.00000
5600000.  4443.20 11065.60  6240.54  57823.0    312.0 11065.60  6240.54  1.00000
5633667.  4422.53 10960.91  6142.04  57823.0    312.0 10960.91  6142.04  1.00000
5667333.  4401.71 10856.15  6043.57  57823.0    312.0 10856.15  6043.57  1.00000
5701000.  4380.74 10751.32  5945.13  57823.0    312.0 10751.32  5945.13  1.00000
5701000.  3992.12 10266.17  5570.21  57823.0    143.0 10266.17  5570.21  1.00000
5771000.  3975.82 10157.76  5516.02  57823.0    143.0 10157.76  5516.02  1.00000
5771000.  3975.82 10157.83  5515.93  57823.0    143.0 10157.43  5515.93  1.00000
5804333.  3933.81  9987.17  5418.69  57823.0    143.0  9986.77  5418.69  1.00000
5837667.  3891.80  9816.52  5321.45  57823.0    143.0  9816.12  5321.45  1.00000
5871000.  3849.78  9645.87  5224.21  57823.0    143.0  9645.47  5224.21  1.00000
5904333.  3807.77  9475.22  5126.97  57823.0    143.0  9474.82  5126.97  1.00000
5937667.  3765.76  9304.57  5029.73  57823.0    143.0  9304.17  5029.73  1.00000
5971000.  3723.75  9133.92  4932.49  57823.0    143.0  9133.52  4932.49  1.00000
5971000.  3543.26  8905.24  4769.90  57823.0    143.0  8905.24  4769.90  1.00000
5993500.  3529.83  8861.96  4754.15  57823.0    143.0  8861.96  4754.15  1.00000
6016000.  3516.39  8818.67  4738.40  57823.0    143.0  8818.67  4738.40  1.00000
6038500.  3502.96  8775.38  4722.65  57823.0    143.0  8775.38  4722.65  1.00000
6061000.  3489.52  8732.10  4706.90  57823.0    143.0  8732.10  4706.90  1.00000
6083500.  3476.08  8688.81  4691.15  57823.0    143.0  8688.81  4691.15  1.00000
6106000.  3462.65  8645.52  4675.40  57823.0    143.0  8645.52  4675.40  1.00000
6128500.  3449.21  8602.24  4659.65  57823.0    143.0  8602.24  4659.65  1.00000
6151000.  3435.77  8558.95  4643.90  57823.0    143.0  8558.95  4643.90  1.00000
6151000.  3430.00  7900.00  4550.00  57823.0     300.0  7900.00  4550.00 1.00000
6171000.0 3419.81 7873.51 4499.15 57823.0 281.71 7873.51 4499.15 1.00000
6178000.0 3412.48 7815.06 4465.74 57823.0 278.618 7815.06 4465.74 1.00000
6183000.0 3405.22 7757.16 4432.66 57823.0 275.924 7757.16 4432.66 1.00000
6188000.0 3398.66 7706.16 4403.52 57823.0 273.242 7706.16 4403.52 1.00000
6193000.0 3391.76 7651.2 4372.1 57823.0 270.568 7651.2 4372.1 1.00000
6198000.0 3385.68 7604.08 4345.2 57823.0 267.96 7604.08 4345.2 1.00000
6203000.0 3379.26 7552.82 4315.9 57823.0 265.308 7552.82 4315.9 1.00000
6208000.0 3373.74 7510.1 4291.48 57823.0 262.776 7510.1 4291.48 1.00000
6213000.0 3367.88 7463.24 4264.72 57823.0 260.144 7463.24 4264.72 1.00000
6218000.0 3363 7425.4 4243.1 57823.0 257.688 7425.4 4243.1 1.00000
6223000.0 3357.8 7383.78 4219.32 57823.0 255.23 7383.78 4219.32 1.00000
6228000.0 3353.6 7351.32 4200.76 57823.0 252.866 7351.32 4200.76 1.00000
6233000.0 3349.16 7315.68 4180.38 57823.0 250.252 7315.68 4180.38 1.00000
6238000.0 3345.8 7289.28 4165.3 57823.0 247.95 7289.28 4165.3 1.00000
6243000.0 3341.98 7259.98 4148.56 57823.0 245.36 7259.98 4148.56 1.00000
6248000.0 3339.54 7239.92 4137.08 57823.0 243.102 7239.92 4137.08 1.00000
6253000.0 3336.74 7218.62 4124.94 57823.0 240.58 7218.62 4124.94 1.00000
6258000.0 3335.1 7205.02 4117.16 57823.0 238.342 7205.02 4117.16 1.00000
6263000.0 3333.4 7192.3 4109.88 57823.0 235.896 7192.3 4109.88 1.00000
6268000.0 3332.54 7185.62 4106.06 57823.0 233.968 7185.62 4106.06 1.00000
6273000.0 3331.98 7182 4104 57823.0 231.288 7182 4104 1.00000
6278000.0 3332.14 7183.24 4104.7 57823.0 229.368 7183.24 4104.7 1.00000
6283000.0 3332.94 7189.5 4108.28 57823.0 226.77 7189.5 4108.28 1.00000
6288000.0 3334.2 7199.44 4113.98 57823.0 224.86 7199.44 4113.98 1.00000
6293000.0 3336.28 7215.8 4123.32 57823.0 222.34 7215.8 4123.32 1.00000
6298000.0 3338.74 7235.24 4134.42 57823.0 220.44 7235.24 4134.42 1.00000
6303000.0 3342.18 7262.26 4149.86 57823.0 217.994 7262.26 4149.86 1.00000
6308000.0 3345.98 7292.18 4166.96 57823.0 216.15 7292.18 4166.96 1.00000
6313000.0 3350.88 7330.68 4188.96 57823.0 213.964 7330.68 4188.96 1.00000
6318000.0 3356.14 7372.24 4212.7 57823.0 211.898 7372.24 4212.7 1.00000
6323000.0 3362.6 7423.04 4241.74 57823.0 209.768 7423.04 4241.74 1.00000
6328000.0 3369.5 7477.44 4272.82 57823.0 207.73 7477.44 4272.82 1.00000
6333000.0 3377.6 7541.1 4309.2 57823.0 205.648 7541.1 4309.2 1.00000
6336460.0 3380.53 7564.15 4322.37 57823.0 204.79 7564.15 4322.37 1.00000
6336460.0 2980.78 7016.86 4040.95 57823.0 599.99 7016.86 4040.95 1.00000
6337000.0 2976.55 7000.7 4032.81 57823.0 600.012 7000.7 4032.81 1.00000
6338000.0 2952.27 6908.72 3986.41 57823.0 600.013 6908.72 3986.41 1.00000
6339000.0 2930.35 6824.86 3944.12 57823.0 600.012 6824.86 3944.12 1.00000
6340000.0 2910.75 6749.14 3905.91 57823.0 600.012 6749.14 3905.91 1.00000
6341000.0 2893.16 6680.41 3871.22 57823.0 600.035 6680.41 3871.22 1.00000
6342000.0 2875.79 6612.3 3836.76 57823.0 600.012 6612.3 3836.76 1.00000
6343000.0 2862.36 6559.04 3809.79 57823.0 600.012 6559.04 3809.79 1.00000
6344000.0 2850.44 6511.45 3785.65 57823.0 600.012 6511.45 3785.65 1.00000
6345000.0 2839.86 6468.91 3764.04 57823.0 600.013 6468.91 3764.04 1.00000
6346000.0 2830.45 6430.86 3744.67 57823.0 600.012 6430.86 3744.67 1.00000
6347000.0 2821.14 6392.82 3725.31 57823.0 600.034 6392.82 3725.31 1.00000
6348000.0 2813.6 6362.18 3709.65 57823.0 600.012 6362.18 3709.65 1.00000
6349000.0 2806.88 6334.54 3695.52 57823.0 600.012 6334.54 3695.52 1.00000
6350000.0 2800.65 6308.87 3682.38 57823.0 600.012 6308.87 3682.38 1.00000
6351000.0 2794.79 6284.59 3669.93 57823.0 600.012 6284.59 3669.93 1.00000
6352000.0 2788.62 6258.72 3656.68 57823.0 600.035 6258.72 3656.68 1.00000
6353000.0 2782.79 6234.57 3644.24 57823.0 600.012 6234.57 3644.24 1.00000
6354000.0 2777.12 6210.8 3632.01 57823.0 600.013 6210.8 3632.01 1.00000
6355000.0 2771.22 6185.95 3619.2 57823.0 600.012 6185.95 3619.2 1.00000
6356000.0 2764.98 6159.5 3605.54 57823.0 600.012 6159.5 3605.54 1.00000
6357000.0 2757.66 6128.19 3589.35 57823.0 600.034 6128.19 3589.35 1.00000
6358000.0 2749.73 6094.46 3571.85 57823.0 600.012 6094.46 3571.85 1.00000
6359000.0 2741.47 6058.9 3553.37 57823.0 600.012 6058.9 3553.37 1.00000
6360000.0 2732.35 6019.39 3532.76 57823.0 600.012 6019.39 3532.76 1.00000
6361000.0 2722.22 5975.21 3509.66 57823.0 599.995 5975.21 3509.66 1.00000
6362000.0 2710.18 5922.24 3481.84 57823.0 599.986 5922.24 3481.84 1.00000
6363000.0 2696.93 5863.01 3450.58 57823.0 599.988 5863.01 3450.58 1.00000
6364000.0 2683.25 5801.1 3417.72 57823.0 599.988 5801.1 3417.72 1.00000
6365000.0 2668.34 5732.71 3381.21 57823.0 599.988 5732.71 3381.21 1.00000
6366000.0 2652.2 5657.46 3340.73 57823.0 599.988 5657.46 3340.73 1.00000
6367000.0 2633.87 5570.36 3293.45 57823.0 599.986 5570.36 3293.45 1.00000
6368000.0 2613.48 5471.12 3238.99 57823.0 599.988 5471.12 3238.99 1.00000
6369000.0 2593.62 5371.81 3183.79 57823.0 599.988 5371.81 3183.79 1.00000
6369950.0 2582.86 5317.15 3153.18 57823.0 599.99 5317.15 3153.18 1.00000
6369950.0 2397.73 4157.96 2428.5 57823.0 80.00 4157.96 2428.5 1.00000
6371000.0 2298.4 3307.86 1758.27 57823.0 80 3307.86 1758.27 1.00000
