0.021 1.5 0.000 0.77
0.500 1.557 0.900 1.26824
1.479 3.04134 1.758 1.74323
4.000 5.96504 3.448 2.67881
4.000 5.96504 3.448 2.67881
4.000 5.9858 3.460 2.68546
4.000 5.99964 3.468 2.68988
4.000 5.99964 3.468 2.68988
4.000 6.23146 3.602 2.76407
4.000 6.75738 3.906 2.93236
4.000 7.09992 4.104 3.04197
4.000 7.49609 4.333 3.16875
4.000 7.50993 4.341 3.17318
4.000 7.5255 4.350 3.17816
4.000 7.53415 4.355 3.18093
4.000 7.52723 4.351 3.17871
4.000 7.52204 4.348 3.17705
4.000 7.51858 4.346 3.17595
4.000 7.51512 4.344 3.17484
4.000 7.51339 4.343 3.17428
4.000 7.5082 4.340 3.17262
4.000 7.49955 4.335 3.16986
4.000 7.48744 4.328 3.16598
4.000 7.48052 4.324 3.16377
4.000 7.47533 4.321 3.16211
4.000 7.47533 4.321 3.16211
4.000 7.47533 4.321 3.16211
4.000 7.4736 4.320 3.16155
4.000 7.4736 4.320 3.16155
4.000 7.47533 4.321 3.16211
4.000 7.47879 4.323 3.16321
4.000 7.48398 4.326 3.16487
4.000 7.48917 4.329 3.16653
4.000 7.4909 4.330 3.16709
4.000 7.49263 4.331 3.16764
4.000 7.49609 4.333 3.16875
4.000 7.50301 4.337 3.17096
4.000 7.51339 4.343 3.17428
4.000 7.5255 4.350 3.17816
4.000 7.53588 4.356 3.18148
4.000 7.54799 4.363 3.18536
4.000 7.56183 4.371 3.18979
4.000 7.57221 4.377 3.19311
4.000 7.58086 4.382 3.19588
4.000 7.59297 4.389 3.19975
4.000 7.60508 4.396 3.20363
4.000 7.61719 4.403 3.2075
4.000 7.63622 4.414 3.21359
4.000 7.66044 4.428 3.22134
4.000 7.68639 4.443 3.22964
4.000 7.71061 4.457 3.2374
4.000 7.7331 4.470 3.24459
4.000 7.75213 4.481 3.25068
4.000 7.77289 4.493 3.25732
4.000 7.79192 4.504 3.26341
4.000 7.80749 4.513 3.2684
4.000 7.82306 4.522 3.27338
4.000 7.83863 4.531 3.27836
4.000 7.85247 4.539 3.28279
4.000 7.86977 4.549 3.28833
4.000 7.8888 4.560 3.29442
4.000 7.9061 4.570 3.29995
4.000 7.92513 4.581 3.30604
4.000 7.94243 4.591 3.31158
4.000 7.958 4.600 3.31656
4.000 7.97184 4.608 3.32099
4.000 7.98568 4.616 3.32542
4.000 7.99952 4.624 3.32985
4.000 8.01509 4.633 3.33483
4.000 8.0272 4.640 3.3387
4.000 8.04104 4.648 3.34313
4.000 8.05488 4.656 3.34756
4.000 8.06872 4.664 3.35199
4.000 8.08602 4.674 3.35753
4.000 8.10678 4.686 3.36417
4.000 8.12754 4.698 3.37081
4.000 8.15003 4.711 3.37801
4.000 8.16906 4.722 3.3841
4.000 8.18463 4.731 3.38908
4.000 8.20193 4.741 3.39462
4.000 8.21923 4.751 3.40015
4.000 8.23653 4.761 3.40569
4.000 8.2521 4.770 3.41067
4.000 8.2694 4.780 3.41621
4.000 8.28497 4.789 3.42119
4.000 8.30054 4.798 3.42617
4.000 8.31438 4.806 3.4306
4.000 8.32995 4.815 3.43558
4.000 8.34552 4.824 3.44057
4.000 8.36109 4.833 3.44555
4.000 8.37666 4.842 3.45053
4.000 8.39223 4.851 3.45551
4.000 8.4078 4.860 3.4605
4.000 8.42164 4.868 3.46492
4.000 8.43721 4.877 3.46991
4.000 8.45278 4.886 3.47489
4.000 8.46835 4.895 3.47987
4.000 8.48392 4.904 3.48485
4.000 8.49949 4.913 3.48984
4.000 8.51506 4.922 3.49482
4.000 8.53063 4.931 3.4998
4.000 8.5462 4.940 3.50478
