2 394.7 0.0 121.7 920.0 0.0 720.0
4 1381.0 192.7 660.7 2224.0 637.3 1557.3
8 3671.3 434.3 3752.7 3541.3 1157.3 3434.7
16 9701.0 1655.3 11280.0 8074.7 3453.3 7720.0
32 21112.7 4442.0 28286.3 14360.0 9042.7 16077.3
64 45336.0 10912.3 78215.3 29205.3 22752.0 33450.7
128 94345.0 22369.7 145255.7 58605.3 46568.0 68200.0
256 193840.0 47343.3 326011.0 115834.7 102149.3 137728.0
512 397105.7 106945.3 657676.7 239224.0 230842.7 276453.3
1024 809715.3 244895.7 1448496.6 471829.3 540933.3 555312.0
2048 1646304.4 528360.3 3143936.2 963362.7 1146322.6 1112613.4
4096 3335330.8 1216885.4 7296174.0 1940002.6 2795352.0 2225709.2
8192 6750606.5 2389959.2 15060639.0 3907594.8 5110688.0 4455413.5
16384 13638281.0 5484702.0 30312274.0 6865069.5 11529629.0 8907208.0
