2 394.3 0.0 112.0 920.0 0.0 693.3
4 1436.7 152.3 873.7 2224.0 578.7 1581.3
8 3891.3 758.7 3532.3 3882.7 1552.0 3466.7
16 9594.3 2602.0 10362.3 8144.0 4706.7 7570.7
32 21320.3 6028.3 34048.3 14896.0 10250.7 16338.7
64 45789.0 15502.0 79218.0 32400.0 27858.7 33501.3
128 94976.3 34442.0 166729.0 63056.0 57856.0 67552.0
256 196863.3 77073.0 405481.0 127277.3 136514.7 137661.3
512 403600.0 168472.0 942179.7 257637.3 283322.7 277029.3
1024 820002.3 364756.0 1948258.0 505546.7 631002.7 554813.3
2048 1660758.0 794540.0 4201777.5 1010514.7 1436381.4 1112224.0
4096 3358774.0 1630285.0 9137109.0 2007645.4 2839784.0 2224034.8
8192 6783685.5 3367710.8 19420416.0 4008184.0 5870549.5 4453666.5
16384 13681307.0 7112482.5 40361696.0 8001469.5 12599293.0 8908808.0
