2 394.5 0.0 105.9 920.0 0.0 678.4
4 1458.2 162.2 908.3 2296.0 618.4 1578.4
8 4194.0 685.4 3519.8 3930.4 1609.6 3648.0
16 9799.8 2038.4 10212.7 8240.0 3999.2 7737.6
32 21701.8 5540.8 27201.3 15406.4 10259.2 16216.0
64 46774.2 13482.2 62386.7 31964.8 24758.4 33422.4
128 97264.1 31087.1 142223.1 64228.0 59005.6 68009.6
256 199838.6 66922.1 321478.6 126008.0 122556.0 137437.6
512 406785.0 154993.2 671912.6 254965.6 312718.4 276412.8
1024 824115.0 303778.2 1490278.0 501950.4 559171.2 554492.8
2048 1667994.4 666496.2 3306006.0 1007208.0 1278755.2 1111760.0
4096 3367210.5 1432717.8 6911900.0 2001056.0 2824891.2 2226200.0
8192 6794861.5 2956261.5 14745386.0 3995120.0 5727355.0 4453083.0
16384 13700845.0 6111388.0 30684052.0 7981320.0 11793650.0 8907635.0
32768 27623248.0 12696859.0 67728832.0 15967702.0 24374476.0 17825636.0
65536 55680160.0 26814384.0 144941088.0 31920222.0 52564212.0 35646656.0
131072 112228824.0 57180044.0 288864320.0 63895920.0 115188824.0 71291232.0
262144 226182480.0 115296008.0 613726528.0 127621448.0 225760960.0 142599424.0
