0 3.96252e-07
5.63265 3.93937e-07
11.2653 3.91635e-07
16.898 3.89346e-07
22.5306 3.8707e-07
28.1633 3.84808e-07
33.7959 3.82558e-07
39.4286 3.80322e-07
45.0612 3.78098e-07
50.6939 3.75887e-07
56.3265 3.73689e-07
61.9592 3.71504e-07
67.5918 3.69331e-07
73.2245 3.67171e-07
78.8571 3.65023e-07
84.4898 3.62887e-07
90.1224 3.60764e-07
95.7551 3.58653e-07
101.388 3.56555e-07
107.02 3.54468e-07
112.653 3.52393e-07
118.286 3.50331e-07
123.918 3.4828e-07
129.551 3.46241e-07
135.184 3.44214e-07
140.816 3.42199e-07
146.449 3.40195e-07
152.082 3.38203e-07
157.714 3.36222e-07
163.347 3.34253e-07
168.98 3.32295e-07
174.612 3.30348e-07
180.245 3.28413e-07
185.877 3.26489e-07
191.51 3.24575e-07
197.143 3.22673e-07
202.775 3.20782e-07
208.408 3.18902e-07
214.041 3.17033e-07
219.673 3.15174e-07
225.306 3.13327e-07
230.939 3.1149e-07
236.571 3.09663e-07
242.204 3.07847e-07
247.837 3.06042e-07
253.469 3.04247e-07
259.102 3.02462e-07
264.735 3.00688e-07
270.367 2.98924e-07
276 2.9717e-07
281.633 2.95427e-07
287.265 2.93693e-07
292.898 2.91969e-07
298.53 2.90256e-07
304.163 2.88552e-07
309.796 2.86858e-07
315.428 2.85174e-07
321.061 2.835e-07
326.694 2.81835e-07
332.326 2.80181e-07
337.959 2.78535e-07
343.592 2.76899e-07
349.224 2.75273e-07
354.857 2.73656e-07
360.49 2.72048e-07
366.122 2.7045e-07
371.755 2.68861e-07
377.388 2.67281e-07
383.02 2.65711e-07
388.653 2.64149e-07
394.286 2.62596e-07
399.918 2.61053e-07
405.551 2.59518e-07
411.183 2.57993e-07
416.816 2.56476e-07
422.449 2.54968e-07
428.081 2.53468e-07
433.714 2.51978e-07
439.347 2.50496e-07
444.979 2.49022e-07
450.612 2.47557e-07
456.245 2.46101e-07
461.877 2.44653e-07
467.51 2.43213e-07
473.143 2.41782e-07
478.775 2.40359e-07
484.408 2.38945e-07
490.041 2.37538e-07
495.673 2.3614e-07
501.306 2.3475e-07
506.939 2.33368e-07
512.571 2.31994e-07
518.204 2.30628e-07
523.837 2.29269e-07
529.469 2.27919e-07
535.102 2.26577e-07
540.734 2.25242e-07
546.367 2.23915e-07
552 2.22596e-07
557.632 2.21284e-07
563.265 2.19981e-07
568.898 2.18684e-07
574.53 2.17395e-07
580.163 2.16114e-07
585.796 2.1484e-07
591.428 2.13574e-07
597.061 2.12315e-07
602.694 2.11063e-07
608.326 2.09818e-07
613.959 2.08581e-07
619.592 2.07351e-07
625.224 2.06128e-07
630.857 2.04912e-07
636.49 2.03703e-07
642.122 2.02502e-07
647.755 2.01307e-07
653.387 2.00119e-07
659.02 1.98938e-07
664.653 1.97764e-07
670.285 1.96597e-07
675.918 1.95436e-07
681.551 1.94283e-07
687.183 1.93136e-07
692.816 1.91996e-07
698.449 1.90862e-07
704.081 1.89735e-07
709.714 1.88614e-07
715.347 1.87501e-07
720.979 1.86393e-07
726.612 1.85292e-07
732.245 1.84197e-07
737.877 1.83109e-07
743.51 1.82027e-07
749.143 1.80952e-07
754.775 1.79882e-07
760.408 1.78819e-07
766.04 1.77762e-07
771.673 1.76712e-07
777.306 1.75667e-07
782.938 1.74628e-07
788.571 1.73596e-07
794.204 1.7257e-07
799.836 1.71549e-07
805.469 1.70535e-07
811.102 1.69526e-07
816.734 1.68523e-07
822.367 1.67526e-07
828 1.66535e-07
833.632 1.6555e-07
839.265 1.6457e-07
844.898 1.63596e-07
850.53 1.62628e-07
856.163 1.61666e-07
861.796 1.60709e-07
867.428 1.59758e-07
873.061 1.58812e-07
878.694 1.57872e-07
884.326 1.56937e-07
889.959 1.56008e-07
895.591 1.55084e-07
901.224 1.54165e-07
906.857 1.53252e-07
912.489 1.52344e-07
918.122 1.51442e-07
923.755 1.50545e-07
929.387 1.49653e-07
935.02 1.48766e-07
940.653 1.47884e-07
946.285 1.47008e-07
951.918 1.46136e-07
957.551 1.4527e-07
963.183 1.44409e-07
968.816 1.43553e-07
974.449 1.42702e-07
980.081 1.41856e-07
985.714 1.41014e-07
991.347 1.40178e-07
996.979 1.39347e-07
1002.61 1.3852e-07
1008.24 1.37699e-07
1013.88 1.36882e-07
1019.51 1.36069e-07
1025.14 1.35262e-07
1030.78 1.34459e-07
1036.41 1.33662e-07
1042.04 1.32868e-07
1047.67 1.3208e-07
1053.31 1.31296e-07
1058.94 1.30516e-07
1064.57 1.29741e-07
1070.2 1.28971e-07
1075.84 1.28205e-07
1081.47 1.27444e-07
1087.1 1.26687e-07
1092.73 1.25934e-07
1098.37 1.25186e-07
1104 1.24443e-07
1109.63 1.23703e-07
1115.26 1.22968e-07
1120.9 1.22238e-07
1126.53 1.21511e-07
1132.16 1.20789e-07
1137.8 1.20071e-07
1143.43 1.19357e-07
1149.06 1.18648e-07
1154.69 1.17942e-07
1160.33 1.17241e-07
1165.96 1.16544e-07
1171.59 1.15851e-07
1177.22 1.15162e-07
1182.86 1.14477e-07
1188.49 1.13796e-07
1194.12 1.13119e-07
1199.75 1.12446e-07
1205.39 1.11777e-07
1211.02 1.11112e-07
1216.65 1.10451e-07
1222.29 1.09794e-07
1227.92 1.0914e-07
1233.55 1.08491e-07
1239.18 1.07845e-07
1244.82 1.07203e-07
1250.45 1.06564e-07
1256.08 1.0593e-07
1261.71 1.05299e-07
1267.35 1.04672e-07
1272.98 1.04049e-07
1278.61 1.03429e-07
1284.24 1.02813e-07
1289.88 1.022e-07
1295.51 1.01591e-07
1301.14 1.00986e-07
1306.77 1.00384e-07
1312.41 9.97861e-08
1318.04 9.91914e-08
1323.67 9.86002e-08
1329.31 9.80125e-08
1334.94 9.74282e-08
1340.57 9.68473e-08
1346.2 9.62699e-08
1351.84 9.56958e-08
1357.47 9.51252e-08
1363.1 9.45579e-08
1368.73 9.39939e-08
1374.37 9.34332e-08
1380 9.28758e-08
1385.63 9.23218e-08
1391.26 9.17709e-08
1396.9 9.12233e-08
1402.53 9.0679e-08
1408.16 9.01378e-08
1413.8 8.95998e-08
1419.43 8.9065e-08
1425.06 8.85333e-08
1430.69 8.80048e-08
1436.33 8.74794e-08
1441.96 8.6957e-08
1447.59 8.64377e-08
1453.22 8.59215e-08
1458.86 8.54084e-08
1464.49 8.48982e-08
1470.12 8.43911e-08
1475.75 8.38869e-08
1481.39 8.33857e-08
1487.02 8.28875e-08
1492.65 8.23922e-08
1498.29 8.18998e-08
1503.92 8.14103e-08
1509.55 8.09237e-08
1515.18 8.044e-08
1520.82 7.99591e-08
1526.45 7.94811e-08
1532.08 7.90058e-08
1537.71 7.85334e-08
1543.35 7.80638e-08
1548.98 7.75969e-08
1554.61 7.71328e-08
1560.24 7.66714e-08
1565.88 7.62127e-08
1571.51 7.57567e-08
1577.14 7.53035e-08
1582.77 7.48529e-08
1588.41 7.44049e-08
1594.04 7.39596e-08
1599.67 7.3517e-08
1605.31 7.30769e-08
1610.94 7.26394e-08
1616.57 7.22046e-08
1622.2 7.17722e-08
1627.84 7.13425e-08
1633.47 7.09153e-08
1639.1 7.04906e-08
1644.73 7.00684e-08
1650.37 6.96487e-08
1656 6.92314e-08
1661.63 6.88167e-08
1667.26 6.84044e-08
1672.9 6.79945e-08
1678.53 6.7587e-08
1684.16 6.7182e-08
1689.8 6.67793e-08
1695.43 6.6379e-08
1701.06 6.59811e-08
1706.69 6.55856e-08
1712.33 6.51923e-08
1717.96 6.48014e-08
1723.59 6.44129e-08
1729.22 6.40266e-08
1734.86 6.36426e-08
1740.49 6.32608e-08
1746.12 6.28813e-08
1751.75 6.25041e-08
1757.39 6.21291e-08
1763.02 6.17563e-08
1768.65 6.13857e-08
1774.28 6.10173e-08
1779.92 6.06511e-08
1785.55 6.02871e-08
1791.18 5.99252e-08
1796.82 5.95654e-08
1802.45 5.92078e-08
1808.08 5.88523e-08
1813.71 5.84989e-08
1819.35 5.81476e-08
1824.98 5.77984e-08
1830.61 5.74512e-08
1836.24 5.71061e-08
1841.88 5.6763e-08
1847.51 5.6422e-08
1853.14 5.6083e-08
1858.77 5.5746e-08
1864.41 5.5411e-08
1870.04 5.5078e-08
1875.67 5.47469e-08
1881.31 5.44178e-08
1886.94 5.40907e-08
1892.57 5.37655e-08
1898.2 5.34422e-08
1903.84 5.31209e-08
1909.47 5.28014e-08
1915.1 5.24839e-08
1920.73 5.21682e-08
1926.37 5.18544e-08
1932 5.15424e-08
1937.63 5.12324e-08
1943.26 5.09241e-08
1948.9 5.06177e-08
1954.53 5.03131e-08
1960.16 5.00103e-08
1965.8 4.97093e-08
1971.43 4.941e-08
1977.06 4.91126e-08
1982.69 4.88169e-08
1988.33 4.8523e-08
1993.96 4.82308e-08
1999.59 4.79404e-08
2005.22 4.76516e-08
2010.86 4.73646e-08
2016.49 4.70793e-08
2022.12 4.67957e-08
2027.75 4.65138e-08
2033.39 4.62336e-08
2039.02 4.5955e-08
2044.65 4.5678e-08
2050.28 4.54027e-08
2055.92 4.51291e-08
2061.55 4.48571e-08
2067.18 4.45867e-08
2072.82 4.43179e-08
2078.45 4.40507e-08
2084.08 4.3785e-08
2089.71 4.3521e-08
2095.35 4.32585e-08
2100.98 4.29976e-08
2106.61 4.27383e-08
2112.24 4.24804e-08
2117.88 4.22242e-08
2123.51 4.19694e-08
2129.14 4.17162e-08
2134.77 4.14644e-08
2140.41 4.12142e-08
2146.04 4.09654e-08
2151.67 4.07182e-08
2157.31 4.04724e-08
2162.94 4.0228e-08
2168.57 3.99851e-08
2174.2 3.97437e-08
2179.84 3.95037e-08
2185.47 3.92651e-08
2191.1 3.9028e-08
2196.73 3.87922e-08
2202.37 3.85579e-08
2208 3.83249e-08
2213.63 3.80934e-08
2219.26 3.78632e-08
2224.9 3.76344e-08
2230.53 3.7407e-08
2236.16 3.71809e-08
2241.79 3.69561e-08
2247.43 3.67327e-08
2253.06 3.65107e-08
2258.69 3.62899e-08
2264.33 3.60705e-08
2269.96 3.58524e-08
2275.59 3.56355e-08
2281.22 3.542e-08
2286.86 3.52058e-08
2292.49 3.49928e-08
2298.12 3.47811e-08
2303.75 3.45706e-08
2309.39 3.43615e-08
2315.02 3.41535e-08
2320.65 3.39468e-08
2326.28 3.37414e-08
2331.92 3.35371e-08
2337.55 3.33341e-08
2343.18 3.31323e-08
2348.82 3.29317e-08
2354.45 3.27323e-08
2360.08 3.25341e-08
2365.71 3.2337e-08
2371.35 3.21412e-08
2376.98 3.19465e-08
2382.61 3.1753e-08
2388.24 3.15606e-08
2393.88 3.13694e-08
2399.51 3.11793e-08
2405.14 3.09904e-08
2410.77 3.08026e-08
2416.41 3.06159e-08
2422.04 3.04303e-08
2427.67 3.02458e-08
2433.31 3.00624e-08
2438.94 2.98802e-08
2444.57 2.9699e-08
2450.2 2.95189e-08
2455.84 2.93399e-08
2461.47 2.91619e-08
2467.1 2.8985e-08
2472.73 2.88092e-08
2478.37 2.86344e-08
2484 2.84607e-08
2489.63 2.8288e-08
2495.26 2.81163e-08
2500.9 2.79457e-08
2506.53 2.77761e-08
2512.16 2.76075e-08
2517.79 2.74399e-08
2523.43 2.72733e-08
2529.06 2.71077e-08
2534.69 2.69431e-08
2540.33 2.67795e-08
2545.96 2.66168e-08
2551.59 2.64551e-08
2557.22 2.62944e-08
2562.86 2.61347e-08
2568.49 2.59759e-08
2574.12 2.58181e-08
2579.75 2.56612e-08
2585.39 2.55053e-08
2591.02 2.53503e-08
2596.65 2.51962e-08
2602.28 2.5043e-08
2607.92 2.48908e-08
2613.55 2.47395e-08
2619.18 2.4589e-08
2624.82 2.44395e-08
2630.45 2.42909e-08
2636.08 2.41431e-08
2641.71 2.39963e-08
2647.35 2.38503e-08
2652.98 2.37052e-08
2658.61 2.3561e-08
2664.24 2.34177e-08
2669.88 2.32752e-08
2675.51 2.31335e-08
2681.14 2.29927e-08
2686.77 2.28528e-08
2692.41 2.27136e-08
2698.04 2.25754e-08
2703.67 2.24379e-08
2709.3 2.23013e-08
2714.94 2.21655e-08
2720.57 2.20305e-08
2726.2 2.18963e-08
2731.84 2.1763e-08
2737.47 2.16304e-08
2743.1 2.14986e-08
2748.73 2.13676e-08
2754.37 2.12374e-08
2760 2.1108e-08
2765.63 2.09794e-08
2771.26 2.08515e-08
2776.9 2.07244e-08
2782.53 2.05981e-08
2788.16 2.04725e-08
2793.79 2.03477e-08
2799.43 2.02236e-08
2805.06 2.01003e-08
2810.69 1.99777e-08
2816.33 1.98558e-08
2821.96 1.97347e-08
2827.59 1.96143e-08
2833.22 1.94946e-08
2838.86 1.93757e-08
2844.49 1.92575e-08
2850.12 1.914e-08
2855.75 1.90231e-08
2861.39 1.8907e-08
2867.02 1.87916e-08
2872.65 1.86769e-08
2878.28 1.85629e-08
2883.92 1.84495e-08
2889.55 1.83369e-08
2895.18 1.82249e-08
2900.82 1.81136e-08
2906.45 1.80029e-08
2912.08 1.7893e-08
2917.71 1.77836e-08
2923.35 1.7675e-08
2928.98 1.7567e-08
2934.61 1.74596e-08
2940.24 1.73529e-08
2945.88 1.72469e-08
2951.51 1.71415e-08
2957.14 1.70367e-08
2962.77 1.69325e-08
2968.41 1.6829e-08
2974.04 1.67261e-08
2979.67 1.66238e-08
2985.3 1.65221e-08
2990.94 1.64211e-08
2996.57 1.63206e-08
3002.2 1.62208e-08
3007.84 1.61216e-08
3013.47 1.60229e-08
3019.1 1.59249e-08
3024.73 1.58274e-08
3030.37 1.57305e-08
3036 1.56343e-08
3041.63 1.55386e-08
3047.26 1.54434e-08
3052.9 1.53489e-08
3058.53 1.52549e-08
3064.16 1.51615e-08
3069.79 1.50686e-08
3075.43 1.49763e-08
3081.06 1.48846e-08
3086.69 1.47934e-08
3092.33 1.47028e-08
3097.96 1.46127e-08
3103.59 1.45232e-08
3109.22 1.44342e-08
3114.86 1.43457e-08
3120.49 1.42578e-08
3126.12 1.41704e-08
3131.75 1.40835e-08
3137.39 1.39972e-08
3143.02 1.39114e-08
3148.65 1.38261e-08
3154.28 1.37413e-08
3159.92 1.3657e-08
3165.55 1.35732e-08
3171.18 1.349e-08
3176.81 1.34072e-08
3182.45 1.33249e-08
3188.08 1.32432e-08
3193.71 1.31619e-08
3199.35 1.30811e-08
3204.98 1.30009e-08
3210.61 1.29211e-08
3216.24 1.28417e-08
3221.88 1.27629e-08
3227.51 1.26845e-08
3233.14 1.26067e-08
3238.77 1.25292e-08
3244.41 1.24523e-08
3250.04 1.23758e-08
3255.67 1.22998e-08
3261.3 1.22242e-08
3266.94 1.21491e-08
3272.57 1.20745e-08
3278.2 1.20003e-08
3283.84 1.19265e-08
3289.47 1.18532e-08
3295.1 1.17804e-08
3300.73 1.1708e-08
3306.37 1.1636e-08
3312 1.15644e-08
3317.63 1.14933e-08
3323.26 1.14226e-08
3328.9 1.13524e-08
3334.53 1.12826e-08
3340.16 1.12132e-08
3345.79 1.11442e-08
3351.43 1.10756e-08
3357.06 1.10075e-08
3362.69 1.09397e-08
3368.33 1.08724e-08
3373.96 1.08055e-08
3379.59 1.0739e-08
3385.22 1.06729e-08
3390.86 1.06072e-08
3396.49 1.05419e-08
3402.12 1.0477e-08
3407.75 1.04125e-08
3413.39 1.03483e-08
3419.02 1.02846e-08
3424.65 1.02212e-08
3430.28 1.01583e-08
3435.92 1.00957e-08
3441.55 1.00335e-08
3447.18 9.97166e-09
3452.81 9.91021e-09
3458.45 9.84913e-09
3464.08 9.78842e-09
3469.71 9.72808e-09
3475.35 9.66811e-09
3480.98 9.6085e-09
3486.61 9.54926e-09
3492.24 9.49037e-09
3497.88 9.43184e-09
3503.51 9.37367e-09
3509.14 9.31585e-09
3514.77 9.25838e-09
3520.41 9.20126e-09
3526.04 9.14449e-09
3531.67 9.08806e-09
3537.3 9.03197e-09
3542.94 8.97623e-09
3548.57 8.92082e-09
3554.2 8.86576e-09
3559.84 8.81102e-09
3565.47 8.75662e-09
3571.1 8.70255e-09
3576.73 8.64881e-09
3582.37 8.5954e-09
3588 8.54231e-09
3593.63 8.48954e-09
3599.26 8.4371e-09
3604.9 8.38497e-09
3610.53 8.33316e-09
3616.16 8.28167e-09
3621.79 8.23049e-09
3627.43 8.17962e-09
3633.06 8.12906e-09
3638.69 8.07881e-09
3644.32 8.02886e-09
3649.96 7.97922e-09
3655.59 7.92988e-09
3661.22 7.88084e-09
3666.86 7.8321e-09
3672.49 7.78366e-09
3678.12 7.73551e-09
3683.75 7.68765e-09
3689.39 7.64009e-09
3695.02 7.59282e-09
3700.65 7.54583e-09
3706.28 7.49913e-09
3711.92 7.45272e-09
3717.55 7.40658e-09
3723.18 7.36073e-09
3728.81 7.31516e-09
3734.45 7.26987e-09
3740.08 7.22485e-09
3745.71 7.18011e-09
3751.35 7.13564e-09
3756.98 7.09144e-09
3762.61 7.04751e-09
3768.24 7.00385e-09
3773.88 6.96046e-09
3779.51 6.91733e-09
3785.14 6.87446e-09
3790.77 6.83185e-09
3796.41 6.78951e-09
3802.04 6.74742e-09
3807.67 6.70559e-09
3813.3 6.66402e-09
3818.94 6.6227e-09
3824.57 6.58163e-09
3830.2 6.54081e-09
3835.84 6.50024e-09
3841.47 6.45992e-09
3847.1 6.41985e-09
3852.73 6.38002e-09
3858.37 6.34043e-09
3864 6.30108e-09
3869.63 6.26198e-09
3875.26 6.22311e-09
3880.9 6.18449e-09
3886.53 6.1461e-09
3892.16 6.10794e-09
3897.79 6.07001e-09
3903.43 6.03232e-09
3909.06 5.99486e-09
3914.69 5.95763e-09
3920.32 5.92062e-09
3925.96 5.88384e-09
3931.59 5.84729e-09
3937.22 5.81096e-09
3942.86 5.77485e-09
3948.49 5.73897e-09
3954.12 5.7033e-09
3959.75 5.66785e-09
3965.39 5.63262e-09
3971.02 5.5976e-09
3976.65 5.5628e-09
3982.28 5.52821e-09
3987.92 5.49383e-09
3993.55 5.45966e-09
3999.18 5.42571e-09
4004.81 5.39196e-09
4010.45 5.35841e-09
4016.08 5.32507e-09
4021.71 5.29194e-09
4027.35 5.25901e-09
4032.98 5.22628e-09
4038.61 5.19375e-09
4044.24 5.16142e-09
4049.88 5.12929e-09
4055.51 5.09736e-09
4061.14 5.06562e-09
4066.77 5.03407e-09
4072.41 5.00272e-09
4078.04 4.97156e-09
4083.67 4.9406e-09
4089.3 4.90982e-09
4094.94 4.87923e-09
4100.57 4.84883e-09
4106.2 4.81861e-09
4111.83 4.78859e-09
4117.47 4.75874e-09
4123.1 4.72908e-09
4128.73 4.6996e-09
4134.37 4.6703e-09
4140 4.64118e-09
4145.63 4.61224e-09
4151.26 4.58347e-09
4156.9 4.55489e-09
4162.53 4.52648e-09
4168.16 4.49824e-09
4173.79 4.47018e-09
4179.43 4.44229e-09
4185.06 4.41457e-09
4190.69 4.38702e-09
4196.32 4.35964e-09
4201.96 4.33242e-09
4207.59 4.30538e-09
4213.22 4.2785e-09
4218.86 4.25179e-09
4224.49 4.22524e-09
4230.12 4.19885e-09
4235.75 4.17263e-09
4241.39 4.14656e-09
4247.02 4.12066e-09
4252.65 4.09492e-09
4258.28 4.06933e-09
4263.92 4.0439e-09
4269.55 4.01863e-09
4275.18 3.99352e-09
4280.81 3.96856e-09
4286.45 3.94375e-09
4292.08 3.91909e-09
4297.71 3.89459e-09
4303.35 3.87023e-09
4308.98 3.84603e-09
4314.61 3.82198e-09
4320.24 3.79807e-09
4325.88 3.77431e-09
4331.51 3.7507e-09
4337.14 3.72723e-09
4342.77 3.70391e-09
4348.41 3.68073e-09
4354.04 3.65769e-09
4359.67 3.6348e-09
4365.3 3.61205e-09
4370.94 3.58943e-09
4376.57 3.56696e-09
4382.2 3.54462e-09
4387.83 3.52242e-09
4393.47 3.50036e-09
4399.1 3.47844e-09
4404.73 3.45665e-09
4410.37 3.43499e-09
4416 3.41347e-09
4421.63 3.39208e-09
4427.26 3.37082e-09
4432.9 3.34969e-09
4438.53 3.3287e-09
4444.16 3.30783e-09
4449.79 3.28709e-09
4455.43 3.26648e-09
4461.06 3.246e-09
4466.69 3.22564e-09
4472.32 3.20541e-09
4477.96 3.1853e-09
4483.59 3.16532e-09
4489.22 3.14546e-09
4494.86 3.12573e-09
4500.49 3.10611e-09
4506.12 3.08662e-09
4511.75 3.06725e-09
4517.39 3.04799e-09
4523.02 3.02886e-09
4528.65 3.00984e-09
4534.28 2.99094e-09
4539.92 2.97216e-09
4545.55 2.95349e-09
4551.18 2.93494e-09
4556.81 2.91651e-09
4562.45 2.89819e-09
4568.08 2.87998e-09
4573.71 2.86188e-09
4579.34 2.84389e-09
4584.98 2.82602e-09
4590.61 2.80826e-09
4596.24 2.79061e-09
4601.88 2.77306e-09
4607.51 2.75563e-09
4613.14 2.7383e-09
4618.77 2.72108e-09
4624.41 2.70396e-09
4630.04 2.68696e-09
4635.67 2.67005e-09
4641.3 2.65325e-09
4646.94 2.63656e-09
4652.57 2.61997e-09
4658.2 2.60348e-09
4663.83 2.5871e-09
4669.47 2.57081e-09
4675.1 2.55463e-09
4680.73 2.53854e-09
4686.37 2.52256e-09
4692 2.50667e-09
4697.63 2.49089e-09
4703.26 2.4752e-09
4708.9 2.45961e-09
4714.53 2.44411e-09
4720.16 2.42871e-09
4725.79 2.41341e-09
4731.43 2.3982e-09
4737.06 2.38308e-09
4742.69 2.36806e-09
4748.32 2.35314e-09
4753.96 2.3383e-09
4759.59 2.32356e-09
4765.22 2.30891e-09
4770.86 2.29434e-09
4776.49 2.27987e-09
4782.12 2.26549e-09
4787.75 2.2512e-09
4793.39 2.237e-09
4799.02 2.22288e-09
4804.65 2.20886e-09
4810.28 2.19492e-09
4815.92 2.18106e-09
4821.55 2.16729e-09
4827.18 2.15361e-09
4832.81 2.14001e-09
4838.45 2.1265e-09
4844.08 2.11307e-09
4849.71 2.09973e-09
4855.34 2.08646e-09
4860.98 2.07328e-09
4866.61 2.06018e-09
4872.24 2.04717e-09
4877.88 2.03423e-09
4883.51 2.02138e-09
4889.14 2.0086e-09
4894.77 1.9959e-09
4900.41 1.98328e-09
4906.04 1.97075e-09
4911.67 1.95828e-09
4917.3 1.9459e-09
4922.94 1.93359e-09
4928.57 1.92136e-09
4934.2 1.90921e-09
4939.83 1.89713e-09
4945.47 1.88513e-09
4951.1 1.8732e-09
4956.73 1.86134e-09
4962.37 1.84956e-09
4968 1.83785e-09
4973.63 1.82622e-09
4979.26 1.81466e-09
4984.9 1.80317e-09
4990.53 1.79175e-09
4996.16 1.7804e-09
5001.79 1.76912e-09
5007.43 1.75792e-09
5013.06 1.74678e-09
5018.69 1.73571e-09
5024.32 1.72471e-09
5029.96 1.71378e-09
5035.59 1.70292e-09
5041.22 1.69213e-09
5046.85 1.6814e-09
5052.49 1.67074e-09
5058.12 1.66014e-09
5063.75 1.64962e-09
5069.39 1.63915e-09
5075.02 1.62876e-09
5080.65 1.61842e-09
5086.28 1.60816e-09
5091.92 1.59795e-09
5097.55 1.58781e-09
5103.18 1.57774e-09
5108.81 1.56772e-09
5114.45 1.55777e-09
5120.08 1.54788e-09
5125.71 1.53805e-09
5131.34 1.52829e-09
5136.98 1.51858e-09
5142.61 1.50894e-09
5148.24 1.49935e-09
5153.88 1.48983e-09
5159.51 1.48036e-09
5165.14 1.47095e-09
5170.77 1.46161e-09
5176.41 1.45232e-09
5182.04 1.44309e-09
5187.67 1.43391e-09
5193.3 1.4248e-09
5198.94 1.41574e-09
5204.57 1.40674e-09
5210.2 1.39779e-09
5215.83 1.3889e-09
5221.47 1.38006e-09
5227.1 1.37128e-09
5232.73 1.36256e-09
5238.37 1.35389e-09
5244 1.34527e-09
5249.63 1.33671e-09
5255.26 1.3282e-09
5260.9 1.31975e-09
5266.53 1.31134e-09
5272.16 1.30299e-09
5277.79 1.2947e-09
5283.43 1.28645e-09
5289.06 1.27826e-09
5294.69 1.27011e-09
5300.32 1.26202e-09
5305.96 1.25398e-09
5311.59 1.24599e-09
5317.22 1.23805e-09
5322.85 1.23016e-09
5328.49 1.22232e-09
5334.12 1.21452e-09
5339.75 1.20678e-09
5345.39 1.19908e-09
5351.02 1.19144e-09
5356.65 1.18384e-09
5362.28 1.17629e-09
5367.92 1.16878e-09
5373.55 1.16133e-09
5379.18 1.15391e-09
5384.81 1.14655e-09
5390.45 1.13923e-09
5396.08 1.13196e-09
5401.71 1.12473e-09
5407.34 1.11755e-09
5412.98 1.11042e-09
5418.61 1.10333e-09
5424.24 1.09628e-09
5429.88 1.08928e-09
5435.51 1.08232e-09
5441.14 1.0754e-09
5446.77 1.06853e-09
5452.41 1.0617e-09
5458.04 1.05492e-09
5463.67 1.04817e-09
5469.3 1.04147e-09
5474.94 1.03482e-09
5480.57 1.0282e-09
5486.2 1.02162e-09
5491.83 1.01509e-09
5497.47 1.0086e-09
5503.1 1.00215e-09
5508.73 9.95734e-10
5514.36 9.89362e-10
5520 9.83031e-10
5525.63 9.7674e-10
5531.26 9.70488e-10
5536.9 9.64275e-10
5542.53 9.58102e-10
5548.16 9.51967e-10
5553.79 9.45871e-10
5559.43 9.39813e-10
5565.06 9.33794e-10
5570.69 9.27812e-10
5576.32 9.21868e-10
5581.96 9.15961e-10
5587.59 9.10091e-10
5593.22 9.04258e-10
5598.85 8.98462e-10
5604.49 8.92703e-10
5610.12 8.8698e-10
5615.75 8.81293e-10
5621.39 8.75641e-10
5627.02 8.70025e-10
5632.65 8.64445e-10
5638.28 8.58899e-10
5643.92 8.53389e-10
5649.55 8.47913e-10
5655.18 8.42472e-10
5660.81 8.37065e-10
5666.45 8.31692e-10
5672.08 8.26354e-10
5677.71 8.21048e-10
5683.34 8.15776e-10
5688.98 8.10538e-10
5694.61 8.05332e-10
5700.24 8.00159e-10
5705.88 7.95019e-10
5711.51 7.89911e-10
5717.14 7.84836e-10
5722.77 7.79792e-10
5728.41 7.7478e-10
5734.04 7.698e-10
5739.67 7.64852e-10
5745.3 7.59934e-10
5750.94 7.55048e-10
5756.57 7.50192e-10
5762.2 7.45367e-10
5767.83 7.40573e-10
5773.47 7.35809e-10
5779.1 7.31075e-10
5784.73 7.2637e-10
5790.36 7.21696e-10
5796 7.17051e-10
5801.63 7.12435e-10
5807.26 7.07849e-10
5812.9 7.03291e-10
5818.53 6.98763e-10
5824.16 6.94262e-10
5829.79 6.89791e-10
5835.43 6.85347e-10
5841.06 6.80932e-10
5846.69 6.76545e-10
5852.32 6.72185e-10
5857.96 6.67853e-10
5863.59 6.63548e-10
5869.22 6.59271e-10
5874.85 6.55021e-10
5880.49 6.50797e-10
5886.12 6.466e-10
5891.75 6.4243e-10
5897.39 6.38287e-10
5903.02 6.34169e-10
5908.65 6.30077e-10
5914.28 6.26012e-10
5919.92 6.21972e-10
5925.55 6.17958e-10
5931.18 6.13969e-10
5936.81 6.10005e-10
5942.45 6.06067e-10
5948.08 6.02153e-10
5953.71 5.98264e-10
5959.34 5.944e-10
5964.98 5.90561e-10
5970.61 5.86745e-10
5976.24 5.82954e-10
5981.87 5.79187e-10
5987.51 5.75444e-10
5993.14 5.71725e-10
5998.77 5.68029e-10
6004.41 5.64356e-10
6010.04 5.60707e-10
6015.67 5.57081e-10
6021.3 5.53478e-10
6026.94 5.49898e-10
6032.57 5.4634e-10
6038.2 5.42806e-10
6043.83 5.39293e-10
6049.47 5.35803e-10
6055.1 5.32335e-10
6060.73 5.28889e-10
6066.36 5.25465e-10
6072 5.22063e-10
6077.63 5.18682e-10
6083.26 5.15323e-10
6088.9 5.11985e-10
6094.53 5.08668e-10
6100.16 5.05373e-10
6105.79 5.02098e-10
6111.43 4.98844e-10
6117.06 4.95611e-10
6122.69 4.92398e-10
6128.32 4.89206e-10
6133.96 4.86034e-10
6139.59 4.82882e-10
6145.22 4.79751e-10
6150.85 4.76639e-10
6156.49 4.73547e-10
6162.12 4.70474e-10
6167.75 4.67422e-10
6173.39 4.64388e-10
6179.02 4.61374e-10
6184.65 4.58379e-10
6190.28 4.55403e-10
6195.92 4.52447e-10
6201.55 4.49508e-10
6207.18 4.46589e-10
6212.81 4.43688e-10
6218.45 4.40806e-10
6224.08 4.37942e-10
6229.71 4.35096e-10
6235.34 4.32269e-10
6240.98 4.29459e-10
6246.61 4.26668e-10
6252.24 4.23894e-10
6257.87 4.21138e-10
6263.51 4.18399e-10
6269.14 4.15678e-10
6274.77 4.12974e-10
6280.41 4.10288e-10
6286.04 4.07618e-10
6291.67 4.04966e-10
6297.3 4.0233e-10
6302.94 3.99712e-10
6308.57 3.9711e-10
6314.2 3.94524e-10
6319.83 3.91955e-10
6325.47 3.89403e-10
6331.1 3.86867e-10
6336.73 3.84347e-10
6342.36 3.81843e-10
6348 3.79355e-10
6353.63 3.76883e-10
6359.26 3.74427e-10
6364.9 3.71986e-10
6370.53 3.69561e-10
6376.16 3.67152e-10
6381.79 3.64758e-10
6387.43 3.62379e-10
6393.06 3.60015e-10
6398.69 3.57667e-10
6404.32 3.55333e-10
6409.96 3.53015e-10
6415.59 3.50711e-10
6421.22 3.48422e-10
6426.85 3.46148e-10
6432.49 3.43888e-10
6438.12 3.41643e-10
6443.75 3.39412e-10
6449.39 3.37195e-10
6455.02 3.34992e-10
6460.65 3.32804e-10
6466.28 3.3063e-10
6471.92 3.28469e-10
6477.55 3.26322e-10
6483.18 3.24189e-10
6488.81 3.2207e-10
6494.45 3.19964e-10
6500.08 3.17872e-10
6505.71 3.15793e-10
6511.34 3.13728e-10
6516.98 3.11676e-10
6522.61 3.09637e-10
6528.24 3.07611e-10
6533.87 3.05597e-10
6539.51 3.03597e-10
6545.14 3.0161e-10
6550.77 2.99635e-10
6556.41 2.97673e-10
6562.04 2.95724e-10
6567.67 2.93787e-10
6573.3 2.91863e-10
6578.94 2.89951e-10
6584.57 2.88051e-10
6590.2 2.86163e-10
6595.83 2.84288e-10
6601.47 2.82424e-10
6607.1 2.80573e-10
6612.73 2.78733e-10
6618.36 2.76905e-10
6624 2.75089e-10
6629.63 2.73285e-10
6635.26 2.71492e-10
6640.9 2.69711e-10
6646.53 2.67941e-10
6652.16 2.66183e-10
6657.79 2.64435e-10
6663.43 2.62699e-10
6669.06 2.60975e-10
6674.69 2.59261e-10
6680.32 2.57558e-10
6685.96 2.55866e-10
6691.59 2.54186e-10
6697.22 2.52516e-10
6702.85 2.50856e-10
6708.49 2.49208e-10
6714.12 2.4757e-10
6719.75 2.45942e-10
6725.38 2.44325e-10
6731.02 2.42718e-10
6736.65 2.41122e-10
6742.28 2.39536e-10
6747.92 2.3796e-10
6753.55 2.36395e-10
6759.18 2.34839e-10
6764.81 2.33294e-10
6770.45 2.31758e-10
6776.08 2.30232e-10
6781.71 2.28716e-10
6787.34 2.2721e-10
6792.98 2.25714e-10
6798.61 2.24227e-10
6804.24 2.2275e-10
6809.87 2.21282e-10
6815.51 2.19824e-10
6821.14 2.18375e-10
6826.77 2.16936e-10
6832.41 2.15506e-10
6838.04 2.14085e-10
6843.67 2.12673e-10
6849.3 2.11271e-10
6854.94 2.09877e-10
6860.57 2.08492e-10
6866.2 2.07117e-10
6871.83 2.0575e-10
6877.47 2.04392e-10
6883.1 2.03043e-10
6888.73 2.01702e-10
6894.36 2.00371e-10
6900 1.99047e-10
6905.63 1.97733e-10
6911.26 1.96426e-10
6916.9 1.95129e-10
6922.53 1.93839e-10
6928.16 1.92558e-10
6933.79 1.91286e-10
6939.43 1.90021e-10
6945.06 1.88765e-10
6950.69 1.87517e-10
6956.32 1.86276e-10
6961.96 1.85044e-10
6967.59 1.8382e-10
6973.22 1.82604e-10
6978.85 1.81396e-10
6984.49 1.80195e-10
6990.12 1.79002e-10
6995.75 1.77817e-10
7001.38 1.7664e-10
7007.02 1.7547e-10
7012.65 1.74308e-10
7018.28 1.73153e-10
7023.92 1.72006e-10
7029.55 1.70866e-10
7035.18 1.69734e-10
7040.81 1.68609e-10
7046.45 1.67491e-10
7052.08 1.66381e-10
7057.71 1.65278e-10
7063.34 1.64182e-10
7068.98 1.63092e-10
7074.61 1.62011e-10
7080.24 1.60936e-10
7085.87 1.59868e-10
7091.51 1.58807e-10
7097.14 1.57752e-10
7102.77 1.56705e-10
7108.41 1.55665e-10
7114.04 1.54631e-10
7119.67 1.53604e-10
7125.3 1.52583e-10
7130.94 1.5157e-10
7136.57 1.50562e-10
7142.2 1.49562e-10
7147.83 1.48568e-10
7153.47 1.4758e-10
7159.1 1.46599e-10
7164.73 1.45624e-10
7170.36 1.44655e-10
7176 1.43693e-10
7181.63 1.42737e-10
7187.26 1.41787e-10
7192.89 1.40844e-10
7198.53 1.39906e-10
7204.16 1.38975e-10
7209.79 1.38049e-10
7215.43 1.3713e-10
7221.06 1.36217e-10
7226.69 1.35309e-10
7232.32 1.34408e-10
7237.96 1.33512e-10
7243.59 1.32622e-10
7249.22 1.31738e-10
7254.85 1.3086e-10
7260.49 1.29988e-10
7266.12 1.29121e-10
7271.75 1.2826e-10
7277.38 1.27404e-10
7283.02 1.26554e-10
7288.65 1.2571e-10
7294.28 1.24871e-10
7299.92 1.24037e-10
7305.55 1.23209e-10
7311.18 1.22386e-10
7316.81 1.21569e-10
7322.45 1.20757e-10
7328.08 1.19951e-10
7333.71 1.19149e-10
7339.34 1.18353e-10
7344.98 1.17562e-10
7350.61 1.16776e-10
7356.24 1.15996e-10
7361.87 1.1522e-10
7367.51 1.14449e-10
7373.14 1.13684e-10
7378.77 1.12923e-10
7384.41 1.12168e-10
7390.04 1.11417e-10
7395.67 1.10672e-10
7401.3 1.09931e-10
7406.94 1.09195e-10
7412.57 1.08464e-10
7418.2 1.07737e-10
7423.83 1.07016e-10
7429.47 1.06299e-10
7435.1 1.05586e-10
7440.73 1.04879e-10
7446.36 1.04176e-10
7452 1.03477e-10
7457.63 1.02784e-10
7463.26 1.02094e-10
7468.89 1.0141e-10
7474.53 1.00729e-10
7480.16 1.00054e-10
7485.79 9.93822e-11
7491.43 9.87152e-11
7497.06 9.80526e-11
7502.69 9.73944e-11
7508.32 9.67404e-11
7513.96 9.60907e-11
7519.59 9.54453e-11
7525.22 9.48041e-11
7530.85 9.41671e-11
7536.49 9.35343e-11
7542.12 9.29056e-11
7547.75 9.22811e-11
7553.38 9.16606e-11
7559.02 9.10442e-11
7564.65 9.04319e-11
7570.28 8.98236e-11
7575.92 8.92193e-11
7581.55 8.86189e-11
7587.18 8.80225e-11
7592.81 8.743e-11
7598.45 8.68413e-11
7604.08 8.62566e-11
7609.71 8.56757e-11
7615.34 8.50986e-11
7620.98 8.45253e-11
7626.61 8.39557e-11
7632.24 8.33899e-11
7637.87 8.28278e-11
7643.51 8.22695e-11
7649.14 8.17147e-11
7654.77 8.11637e-11
7660.4 8.06162e-11
7666.04 8.00724e-11
7671.67 7.95321e-11
7677.3 7.89954e-11
7682.94 7.84622e-11
7688.57 7.79325e-11
7694.2 7.74063e-11
7699.83 7.68836e-11
7705.47 7.63643e-11
7711.1 7.58484e-11
7716.73 7.5336e-11
7722.36 7.48269e-11
7728 7.43211e-11
7733.63 7.38187e-11
7739.26 7.33196e-11
7744.89 7.28238e-11
7750.53 7.23312e-11
7756.16 7.18419e-11
7761.79 7.13558e-11
7767.43 7.0873e-11
7773.06 7.03933e-11
7778.69 6.99167e-11
7784.32 6.94434e-11
7789.96 6.89731e-11
7795.59 6.85059e-11
7801.22 6.80419e-11
7806.85 6.75808e-11
7812.49 6.71229e-11
7818.12 6.66679e-11
7823.75 6.6216e-11
7829.38 6.5767e-11
7835.02 6.5321e-11
7840.65 6.4878e-11
7846.28 6.44379e-11
7851.92 6.40006e-11
7857.55 6.35663e-11
7863.18 6.31349e-11
7868.81 6.27062e-11
7874.45 6.22805e-11
7880.08 6.18575e-11
7885.71 6.14374e-11
7891.34 6.102e-11
7896.98 6.06054e-11
7902.61 6.01935e-11
7908.24 5.97843e-11
7913.87 5.93779e-11
7919.51 5.89741e-11
7925.14 5.85731e-11
7930.77 5.81746e-11
7936.4 5.77788e-11
7942.04 5.73857e-11
7947.67 5.69951e-11
7953.3 5.66071e-11
7958.94 5.62217e-11
7964.57 5.58389e-11
7970.2 5.54586e-11
7975.83 5.50808e-11
7981.47 5.47055e-11
7987.1 5.43327e-11
7992.73 5.39624e-11
7998.36 5.35945e-11
8004 5.32291e-11
8009.63 5.2866e-11
8015.26 5.25054e-11
8020.89 5.21472e-11
8026.53 5.17914e-11
8032.16 5.14379e-11
8037.79 5.10868e-11
8043.43 5.0738e-11
8049.06 5.03916e-11
8054.69 5.00474e-11
8060.32 4.97055e-11
8065.96 4.93659e-11
8071.59 4.90285e-11
8077.22 4.86934e-11
8082.85 4.83605e-11
8088.49 4.80299e-11
8094.12 4.77014e-11
8099.75 4.73751e-11
8105.38 4.7051e-11
8111.02 4.6729e-11
8116.65 4.64092e-11
8122.28 4.60915e-11
8127.91 4.57759e-11
8133.55 4.54624e-11
8139.18 4.51511e-11
8144.81 4.48417e-11
8150.45 4.45345e-11
8156.08 4.42293e-11
8161.71 4.39261e-11
8167.34 4.36249e-11
8172.98 4.33258e-11
8178.61 4.30286e-11
8184.24 4.27334e-11
8189.87 4.24402e-11
8195.51 4.2149e-11
8201.14 4.18597e-11
8206.77 4.15723e-11
8212.4 4.12868e-11
8218.04 4.10033e-11
8223.67 4.07216e-11
8229.3 4.04418e-11
8234.94 4.01639e-11
8240.57 3.98878e-11
8246.2 3.96136e-11
8251.83 3.93412e-11
8257.47 3.90706e-11
8263.1 3.88019e-11
8268.73 3.85349e-11
8274.36 3.82697e-11
8280 3.80063e-11
8285.63 3.77447e-11
8291.26 3.74848e-11
8296.89 3.72266e-11
8302.53 3.69702e-11
8308.16 3.67154e-11
8313.79 3.64624e-11
8319.43 3.62111e-11
8325.06 3.59615e-11
8330.69 3.57135e-11
8336.32 3.54672e-11
8341.96 3.52225e-11
8347.59 3.49795e-11
8353.22 3.47381e-11
8358.85 3.44983e-11
8364.49 3.42601e-11
8370.12 3.40236e-11
8375.75 3.37886e-11
8381.38 3.35552e-11
8387.02 3.33233e-11
8392.65 3.3093e-11
8398.28 3.28643e-11
8403.91 3.2637e-11
8409.55 3.24113e-11
8415.18 3.21872e-11
8420.81 3.19645e-11
8426.45 3.17433e-11
8432.08 3.15236e-11
8437.71 3.13054e-11
8443.34 3.10886e-11
8448.98 3.08733e-11
8454.61 3.06595e-11
8460.24 3.04471e-11
8465.87 3.02361e-11
8471.51 3.00265e-11
8477.14 2.98183e-11
8482.77 2.96116e-11
8488.4 2.94062e-11
8494.04 2.92022e-11
8499.67 2.89996e-11
8505.3 2.87983e-11
8510.94 2.85984e-11
8516.57 2.83999e-11
8522.2 2.82026e-11
8527.83 2.80068e-11
8533.47 2.78122e-11
8539.1 2.76189e-11
8544.73 2.7427e-11
8550.36 2.72363e-11
8556 2.70469e-11
8561.63 2.68588e-11
8567.26 2.66719e-11
8572.89 2.64864e-11
8578.53 2.6302e-11
8584.16 2.61189e-11
8589.79 2.59371e-11
8595.42 2.57565e-11
8601.06 2.55771e-11
8606.69 2.53989e-11
8612.32 2.52219e-11
8617.96 2.50461e-11
8623.59 2.48715e-11
8629.22 2.4698e-11
8634.85 2.45258e-11
8640.49 2.43547e-11
8646.12 2.41847e-11
8651.75 2.40159e-11
8657.38 2.38483e-11
8663.02 2.36818e-11
8668.65 2.35164e-11
8674.28 2.33521e-11
8679.91 2.31889e-11
8685.55 2.30269e-11
8691.18 2.28659e-11
8696.81 2.2706e-11
8702.45 2.25472e-11
8708.08 2.23895e-11
8713.71 2.22329e-11
8719.34 2.20773e-11
8724.98 2.19227e-11
8730.61 2.17692e-11
8736.24 2.16168e-11
8741.87 2.14654e-11
8747.51 2.1315e-11
8753.14 2.11656e-11
8758.77 2.10173e-11
8764.4 2.08699e-11
8770.04 2.07235e-11
8775.67 2.05782e-11
8781.3 2.04338e-11
8786.94 2.02904e-11
8792.57 2.0148e-11
8798.2 2.00065e-11
8803.83 1.9866e-11
8809.47 1.97265e-11
8815.1 1.95879e-11
8820.73 1.94503e-11
8826.36 1.93135e-11
8832 1.91778e-11
8837.63 1.90429e-11
8843.26 1.89089e-11
8848.89 1.87759e-11
8854.53 1.86438e-11
8860.16 1.85125e-11
8865.79 1.83822e-11
8871.42 1.82528e-11
8877.06 1.81242e-11
8882.69 1.79965e-11
8888.32 1.78697e-11
8893.96 1.77437e-11
8899.59 1.76186e-11
8905.22 1.74943e-11
8910.85 1.73709e-11
8916.49 1.72484e-11
8922.12 1.71266e-11
8927.75 1.70057e-11
8933.38 1.68856e-11
8939.02 1.67664e-11
8944.65 1.66479e-11
8950.28 1.65303e-11
8955.91 1.64135e-11
8961.55 1.62974e-11
8967.18 1.61822e-11
8972.81 1.60677e-11
8978.45 1.59541e-11
8984.08 1.58412e-11
8989.71 1.5729e-11
8995.34 1.56177e-11
9000.98 1.55071e-11
9006.61 1.53972e-11
9012.24 1.52881e-11
9017.87 1.51798e-11
9023.51 1.50722e-11
9029.14 1.49653e-11
9034.77 1.48591e-11
9040.4 1.47537e-11
9046.04 1.4649e-11
9051.67 1.45451e-11
9057.3 1.44418e-11
9062.93 1.43392e-11
9068.57 1.42374e-11
9074.2 1.41362e-11
9079.83 1.40358e-11
9085.47 1.3936e-11
9091.1 1.38369e-11
9096.73 1.37385e-11
9102.36 1.36407e-11
9108 1.35437e-11
9113.63 1.34473e-11
9119.26 1.33515e-11
9124.89 1.32564e-11
9130.53 1.3162e-11
9136.16 1.30682e-11
9141.79 1.29751e-11
9147.42 1.28826e-11
9153.06 1.27907e-11
9158.69 1.26995e-11
9164.32 1.26089e-11
9169.96 1.25189e-11
9175.59 1.24295e-11
9181.22 1.23408e-11
9186.85 1.22527e-11
9192.49 1.21651e-11
9198.12 1.20782e-11
9203.75 1.19919e-11
9209.38 1.19061e-11
9215.02 1.1821e-11
9220.65 1.17364e-11
9226.28 1.16524e-11
9231.91 1.1569e-11
9237.55 1.14862e-11
9243.18 1.14039e-11
9248.81 1.13222e-11
9254.45 1.12411e-11
9260.08 1.11606e-11
9265.71 1.10805e-11
9271.34 1.10011e-11
9276.98 1.09222e-11
9282.61 1.08438e-11
9288.24 1.0766e-11
9293.87 1.06887e-11
9299.51 1.06119e-11
9305.14 1.05357e-11
9310.77 1.046e-11
9316.4 1.03848e-11
9322.04 1.03102e-11
9327.67 1.0236e-11
9333.3 1.01624e-11
9338.93 1.00893e-11
9344.57 1.00167e-11
9350.2 9.94458e-12
9355.83 9.87297e-12
9361.47 9.80186e-12
9367.1 9.73123e-12
9372.73 9.6611e-12
9378.36 9.59145e-12
9384 9.52229e-12
9389.63 9.4536e-12
9395.26 9.38539e-12
9400.89 9.31765e-12
9406.53 9.25038e-12
9412.16 9.18358e-12
9417.79 9.11724e-12
9423.42 9.05136e-12
9429.06 8.98594e-12
9434.69 8.92097e-12
9440.32 8.85646e-12
9445.96 8.79239e-12
9451.59 8.72877e-12
9457.22 8.66558e-12
9462.85 8.60284e-12
9468.49 8.54053e-12
9474.12 8.47866e-12
9479.75 8.41722e-12
9485.38 8.3562e-12
9491.02 8.29561e-12
9496.65 8.23544e-12
9502.28 8.17569e-12
9507.91 8.11635e-12
9513.55 8.05743e-12
9519.18 7.99891e-12
9524.81 7.94081e-12
9530.44 7.88311e-12
9536.08 7.82581e-12
9541.71 7.76891e-12
9547.34 7.71241e-12
9552.98 7.6563e-12
9558.61 7.60058e-12
9564.24 7.54525e-12
9569.87 7.49031e-12
9575.51 7.43575e-12
9581.14 7.38157e-12
9586.77 7.32777e-12
9592.4 7.27434e-12
9598.04 7.22129e-12
9603.67 7.16861e-12
9609.3 7.1163e-12
9614.93 7.06435e-12
9620.57 7.01276e-12
9626.2 6.96154e-12
9631.83 6.91068e-12
9637.47 6.86017e-12
9643.1 6.81001e-12
9648.73 6.7602e-12
9654.36 6.71075e-12
9660 6.66164e-12
9665.63 6.61287e-12
9671.26 6.56444e-12
9676.89 6.51636e-12
9682.53 6.46861e-12
9688.16 6.4212e-12
9693.79 6.37411e-12
9699.42 6.32736e-12
9705.06 6.28094e-12
9710.69 6.23484e-12
9716.32 6.18907e-12
9721.96 6.14361e-12
9727.59 6.09848e-12
9733.22 6.05366e-12
9738.85 6.00916e-12
9744.49 5.96497e-12
9750.12 5.92109e-12
9755.75 5.87752e-12
9761.38 5.83425e-12
9767.02 5.79129e-12
9772.65 5.74864e-12
9778.28 5.70628e-12
9783.91 5.66422e-12
9789.55 5.62245e-12
9795.18 5.58099e-12
9800.81 5.53981e-12
9806.44 5.49892e-12
9812.08 5.45832e-12
9817.71 5.41801e-12
9823.34 5.37798e-12
9828.98 5.33823e-12
9834.61 5.29876e-12
9840.24 5.25958e-12
9845.87 5.22066e-12
9851.51 5.18203e-12
9857.14 5.14366e-12
9862.77 5.10557e-12
9868.4 5.06774e-12
9874.04 5.03019e-12
9879.67 4.99289e-12
9885.3 4.95587e-12
9890.93 4.9191e-12
9896.57 4.88259e-12
9902.2 4.84634e-12
9907.83 4.81035e-12
9913.47 4.77462e-12
9919.1 4.73913e-12
9924.73 4.7039e-12
9930.36 4.66891e-12
9936 4.63418e-12
9941.63 4.59969e-12
9947.26 4.56544e-12
9952.89 4.53144e-12
9958.53 4.49768e-12
9964.16 4.46416e-12
9969.79 4.43087e-12
9975.42 4.39783e-12
9981.06 4.36501e-12
9986.69 4.33243e-12
9992.32 4.30008e-12
9997.95 4.26796e-12
10003.6 4.23607e-12
10009.2 4.20441e-12
10014.9 4.17297e-12
10020.5 4.14175e-12
10026.1 4.11076e-12
10031.8 4.07999e-12
10037.4 4.04943e-12
10043 4.0191e-12
10048.6 3.98898e-12
10054.3 3.95907e-12
10059.9 3.92938e-12
10065.5 3.8999e-12
10071.2 3.87062e-12
10076.8 3.84156e-12
10082.4 3.81271e-12
10088.1 3.78406e-12
10093.7 3.75561e-12
10099.3 3.72737e-12
10105 3.69933e-12
10110.6 3.67149e-12
10116.2 3.64385e-12
10121.9 3.6164e-12
10127.5 3.58915e-12
10133.1 3.5621e-12
10138.8 3.53524e-12
10144.4 3.50857e-12
10150 3.4821e-12
10155.7 3.45581e-12
10161.3 3.42971e-12
10166.9 3.4038e-12
10172.6 3.37807e-12
10178.2 3.35253e-12
10183.8 3.32717e-12
10189.5 3.30199e-12
10195.1 3.27699e-12
10200.7 3.25217e-12
10206.4 3.22753e-12
10212 3.20307e-12
10217.6 3.17878e-12
10223.3 3.15467e-12
10228.9 3.13073e-12
10234.5 3.10696e-12
10240.2 3.08336e-12
10245.8 3.05994e-12
10251.4 3.03668e-12
10257.1 3.01358e-12
10262.7 2.99066e-12
10268.3 2.9679e-12
10274 2.9453e-12
10279.6 2.92287e-12
10285.2 2.90059e-12
10290.9 2.87848e-12
10296.5 2.85653e-12
10302.1 2.83473e-12
10307.8 2.81309e-12
10313.4 2.79161e-12
10319 2.77028e-12
10324.6 2.74911e-12
10330.3 2.72809e-12
10335.9 2.70722e-12
10341.5 2.68651e-12
10347.2 2.66594e-12
10352.8 2.64552e-12
10358.4 2.62525e-12
10364.1 2.60512e-12
10369.7 2.58514e-12
10375.3 2.56531e-12
10381 2.54561e-12
10386.6 2.52607e-12
10392.2 2.50666e-12
10397.9 2.48739e-12
10403.5 2.46826e-12
10409.1 2.44927e-12
10414.8 2.43042e-12
10420.4 2.41171e-12
10426 2.39313e-12
10431.7 2.37469e-12
10437.3 2.35638e-12
10442.9 2.3382e-12
10448.6 2.32015e-12
10454.2 2.30224e-12
10459.8 2.28446e-12
10465.5 2.2668e-12
10471.1 2.24928e-12
10476.7 2.23188e-12
10482.4 2.2146e-12
10488 2.19746e-12
10493.6 2.18044e-12
10499.3 2.16354e-12
10504.9 2.14676e-12
10510.5 2.13011e-12
10516.2 2.11358e-12
10521.8 2.09717e-12
10527.4 2.08088e-12
10533.1 2.06471e-12
10538.7 2.04865e-12
10544.3 2.03272e-12
10550 2.0169e-12
10555.6 2.00119e-12
10561.2 1.9856e-12
10566.9 1.97013e-12
10572.5 1.95476e-12
10578.1 1.93951e-12
10583.8 1.92438e-12
10589.4 1.90935e-12
10595 1.89443e-12
10600.6 1.87962e-12
10606.3 1.86492e-12
10611.9 1.85033e-12
10617.5 1.83584e-12
10623.2 1.82146e-12
10628.8 1.80719e-12
10634.4 1.79302e-12
10640.1 1.77895e-12
10645.7 1.76499e-12
10651.3 1.75113e-12
10657 1.73738e-12
10662.6 1.72372e-12
10668.2 1.71016e-12
10673.9 1.69671e-12
10679.5 1.68335e-12
10685.1 1.67009e-12
10690.8 1.65693e-12
10696.4 1.64386e-12
10702 1.6309e-12
10707.7 1.61802e-12
10713.3 1.60525e-12
10718.9 1.59256e-12
10724.6 1.57997e-12
10730.2 1.56747e-12
10735.8 1.55507e-12
10741.5 1.54276e-12
10747.1 1.53053e-12
10752.7 1.5184e-12
10758.4 1.50636e-12
10764 1.49441e-12
10769.6 1.48254e-12
10775.3 1.47076e-12
10780.9 1.45907e-12
10786.5 1.44747e-12
10792.2 1.43595e-12
10797.8 1.42452e-12
10803.4 1.41317e-12
10809.1 1.40191e-12
10814.7 1.39073e-12
10820.3 1.37963e-12
10826 1.36862e-12
10831.6 1.35769e-12
10837.2 1.34684e-12
10842.9 1.33606e-12
10848.5 1.32537e-12
10854.1 1.31476e-12
10859.8 1.30423e-12
10865.4 1.29378e-12
10871 1.2834e-12
10876.6 1.2731e-12
10882.3 1.26288e-12
10887.9 1.25273e-12
10893.5 1.24266e-12
10899.2 1.23267e-12
10904.8 1.22275e-12
10910.4 1.2129e-12
10916.1 1.20313e-12
10921.7 1.19343e-12
10927.3 1.1838e-12
10933 1.17424e-12
10938.6 1.16476e-12
10944.2 1.15534e-12
10949.9 1.146e-12
10955.5 1.13673e-12
10961.1 1.12753e-12
10966.8 1.11839e-12
10972.4 1.10932e-12
10978 1.10033e-12
10983.7 1.0914e-12
10989.3 1.08253e-12
10994.9 1.07373e-12
11000.6 1.065e-12
11006.2 1.05634e-12
11011.8 1.04774e-12
11017.5 1.0392e-12
11023.1 1.03073e-12
11028.7 1.02232e-12
11034.4 1.01398e-12
11040 1.00569e-12
11045.6 9.97473e-13
11051.3 9.89316e-13
11056.9 9.81219e-13
11062.5 9.73184e-13
11068.2 9.65209e-13
11073.8 9.57295e-13
11079.4 9.4944e-13
11085.1 9.41645e-13
11090.7 9.33908e-13
11096.3 9.2623e-13
11102 9.1861e-13
11107.6 9.11048e-13
11113.2 9.03542e-13
11118.9 8.96094e-13
11124.5 8.88702e-13
11130.1 8.81366e-13
11135.8 8.74085e-13
11141.4 8.6686e-13
11147 8.5969e-13
11152.6 8.52574e-13
11158.3 8.45511e-13
11163.9 8.38503e-13
11169.5 8.31548e-13
11175.2 8.24645e-13
11180.8 8.17796e-13
11186.4 8.10998e-13
11192.1 8.04252e-13
11197.7 7.97557e-13
11203.3 7.90913e-13
11209 7.8432e-13
11214.6 7.77777e-13
11220.2 7.71285e-13
11225.9 7.64841e-13
11231.5 7.58447e-13
11237.1 7.52101e-13
11242.8 7.45804e-13
11248.4 7.39556e-13
11254 7.33354e-13
11259.7 7.27201e-13
11265.3 7.21094e-13
11270.9 7.15034e-13
11276.6 7.09021e-13
11282.2 7.03054e-13
11287.8 6.97132e-13
11293.5 6.91256e-13
11299.1 6.85424e-13
11304.7 6.79638e-13
11310.4 6.73896e-13
11316 6.68198e-13
11321.6 6.62544e-13
11327.3 6.56933e-13
11332.9 6.51366e-13
11338.5 6.45841e-13
11344.2 6.40359e-13
11349.8 6.34919e-13
11355.4 6.29521e-13
11361.1 6.24165e-13
11366.7 6.1885e-13
11372.3 6.13576e-13
11378 6.08343e-13
11383.6 6.0315e-13
11389.2 5.97997e-13
11394.9 5.92884e-13
11400.5 5.8781e-13
11406.1 5.82776e-13
11411.8 5.77781e-13
11417.4 5.72825e-13
11423 5.67906e-13
11428.6 5.63026e-13
11434.3 5.58184e-13
11439.9 5.5338e-13
11445.5 5.48612e-13
11451.2 5.43882e-13
11456.8 5.39189e-13
11462.4 5.34532e-13
11468.1 5.29911e-13
11473.7 5.25326e-13
11479.3 5.20777e-13
11485 5.16263e-13
11490.6 5.11784e-13
11496.2 5.07341e-13
11501.9 5.02932e-13
11507.5 4.98557e-13
11513.1 4.94217e-13
11518.8 4.8991e-13
11524.4 4.85637e-13
11530 4.81398e-13
11535.7 4.77192e-13
11541.3 4.73018e-13
11546.9 4.68877e-13
11552.6 4.64769e-13
11558.2 4.60693e-13
11563.8 4.56649e-13
11569.5 4.52637e-13
11575.1 4.48656e-13
11580.7 4.44706e-13
11586.4 4.40788e-13
11592 4.369e-13
11597.6 4.33043e-13
11603.3 4.29216e-13
11608.9 4.25419e-13
11614.5 4.21653e-13
11620.2 4.17915e-13
11625.8 4.14208e-13
11631.4 4.1053e-13
11637.1 4.0688e-13
11642.7 4.0326e-13
11648.3 3.99668e-13
11654 3.96104e-13
11659.6 3.92569e-13
11665.2 3.89062e-13
11670.9 3.85582e-13
11676.5 3.82131e-13
11682.1 3.78706e-13
11687.8 3.75309e-13
11693.4 3.71938e-13
11699 3.68595e-13
11704.6 3.65278e-13
11710.3 3.61987e-13
11715.9 3.58722e-13
11721.5 3.55484e-13
11727.2 3.52271e-13
11732.8 3.49084e-13
11738.4 3.45922e-13
11744.1 3.42786e-13
11749.7 3.39674e-13
11755.3 3.36587e-13
11761 3.33525e-13
11766.6 3.30488e-13
11772.2 3.27475e-13
11777.9 3.24486e-13
11783.5 3.21521e-13
11789.1 3.18579e-13
11794.8 3.15661e-13
11800.4 3.12767e-13
11806 3.09896e-13
11811.7 3.07048e-13
11817.3 3.04223e-13
11822.9 3.0142e-13
11828.6 2.9864e-13
11834.2 2.95883e-13
11839.8 2.93147e-13
11845.5 2.90434e-13
11851.1 2.87743e-13
11856.7 2.85073e-13
11862.4 2.82425e-13
11868 2.79798e-13
11873.6 2.77193e-13
11879.3 2.74608e-13
11884.9 2.72045e-13
11890.5 2.69502e-13
11896.2 2.6698e-13
11901.8 2.64478e-13
11907.4 2.61997e-13
11913.1 2.59535e-13
11918.7 2.57094e-13
11924.3 2.54673e-13
11930 2.52271e-13
11935.6 2.49889e-13
11941.2 2.47526e-13
11946.9 2.45183e-13
11952.5 2.42858e-13
11958.1 2.40553e-13
11963.7 2.38266e-13
11969.4 2.35999e-13
11975 2.33749e-13
11980.6 2.31518e-13
11986.3 2.29306e-13
11991.9 2.27111e-13
11997.5 2.24934e-13
12003.2 2.22776e-13
12008.8 2.20635e-13
12014.4 2.18511e-13
12020.1 2.16405e-13
12025.7 2.14317e-13
12031.3 2.12245e-13
12037 2.10191e-13
12042.6 2.08154e-13
12048.2 2.06133e-13
12053.9 2.04129e-13
12059.5 2.02141e-13
12065.1 2.0017e-13
12070.8 1.98216e-13
12076.4 1.96277e-13
12082 1.94355e-13
12087.7 1.92448e-13
12093.3 1.90558e-13
12098.9 1.88683e-13
12104.6 1.86823e-13
12110.2 1.84979e-13
12115.8 1.8315e-13
12121.5 1.81337e-13
12127.1 1.79539e-13
12132.7 1.77755e-13
12138.4 1.75987e-13
12144 1.74233e-13
12149.6 1.72494e-13
12155.3 1.70769e-13
12160.9 1.69059e-13
12166.5 1.67363e-13
12172.2 1.65682e-13
12177.8 1.64014e-13
12183.4 1.62361e-13
12189.1 1.60721e-13
12194.7 1.59095e-13
12200.3 1.57483e-13
12206 1.55884e-13
12211.6 1.54299e-13
12217.2 1.52727e-13
12222.9 1.51169e-13
12228.5 1.49623e-13
12234.1 1.48091e-13
12239.7 1.46572e-13
12245.4 1.45065e-13
12251 1.43571e-13
12256.6 1.4209e-13
12262.3 1.40622e-13
12267.9 1.39165e-13
12273.5 1.37722e-13
12279.2 1.3629e-13
12284.8 1.34871e-13
12290.4 1.33464e-13
12296.1 1.32068e-13
12301.7 1.30685e-13
12307.3 1.29314e-13
12313 1.27954e-13
12318.6 1.26606e-13
12324.2 1.25269e-13
12329.9 1.23944e-13
12335.5 1.2263e-13
12341.1 1.21327e-13
12346.8 1.20036e-13
12352.4 1.18756e-13
12358 1.17486e-13
12363.7 1.16228e-13
12369.3 1.1498e-13
12374.9 1.13744e-13
12380.6 1.12517e-13
12386.2 1.11302e-13
12391.8 1.10097e-13
12397.5 1.08902e-13
12403.1 1.07718e-13
12408.7 1.06544e-13
12414.4 1.0538e-13
12420 1.04226e-13
12425.6 1.03083e-13
12431.3 1.01949e-13
12436.9 1.00825e-13
12442.5 9.9711e-14
12448.2 9.86066e-14
12453.8 9.75119e-14
12459.4 9.64267e-14
12465.1 9.5351e-14
12470.7 9.42847e-14
12476.3 9.32278e-14
12482 9.21801e-14
12487.6 9.11417e-14
12493.2 9.01123e-14
12498.9 8.9092e-14
12504.5 8.80807e-14
12510.1 8.70783e-14
12515.7 8.60847e-14
12521.4 8.50999e-14
12527 8.41238e-14
12532.6 8.31563e-14
12538.3 8.21974e-14
12543.9 8.1247e-14
12549.5 8.0305e-14
12555.2 7.93714e-14
12560.8 7.84461e-14
12566.4 7.7529e-14
12572.1 7.66201e-14
12577.7 7.57192e-14
12583.3 7.48264e-14
12589 7.39416e-14
12594.6 7.30647e-14
12600.2 7.21957e-14
12605.9 7.13344e-14
12611.5 7.04809e-14
12617.1 6.9635e-14
12622.8 6.87967e-14
12628.4 6.7966e-14
12634 6.71427e-14
12639.7 6.63269e-14
12645.3 6.55184e-14
12650.9 6.47172e-14
12656.6 6.39233e-14
12662.2 6.31366e-14
12667.8 6.2357e-14
12673.5 6.15844e-14
12679.1 6.08189e-14
12684.7 6.00604e-14
12690.4 5.93088e-14
12696 5.8564e-14
12701.6 5.7826e-14
12707.3 5.70947e-14
12712.9 5.63702e-14
12718.5 5.56522e-14
12724.2 5.49409e-14
12729.8 5.42361e-14
12735.4 5.35377e-14
12741.1 5.28458e-14
12746.7 5.21602e-14
12752.3 5.1481e-14
12758 5.08081e-14
12763.6 5.01413e-14
12769.2 4.94808e-14
12774.9 4.88263e-14
12780.5 4.81779e-14
12786.1 4.75356e-14
12791.7 4.68992e-14
12797.4 4.62687e-14
12803 4.56441e-14
12808.6 4.50254e-14
12814.3 4.44124e-14
12819.9 4.38052e-14
12825.5 4.32036e-14
12831.2 4.26077e-14
12836.8 4.20174e-14
12842.4 4.14326e-14
12848.1 4.08534e-14
12853.7 4.02796e-14
12859.3 3.97112e-14
12865 3.91482e-14
12870.6 3.85905e-14
12876.2 3.80381e-14
12881.9 3.7491e-14
12887.5 3.6949e-14
12893.1 3.64122e-14
12898.8 3.58805e-14
12904.4 3.53539e-14
12910 3.48323e-14
12915.7 3.43158e-14
12921.3 3.38041e-14
12926.9 3.32974e-14
12932.6 3.27955e-14
12938.2 3.22985e-14
12943.8 3.18062e-14
12949.5 3.13188e-14
12955.1 3.0836e-14
12960.7 3.03579e-14
12966.4 2.98844e-14
12972 2.94155e-14
12977.6 2.89512e-14
12983.3 2.84914e-14
12988.9 2.8036e-14
12994.5 2.75851e-14
13000.2 2.71387e-14
13005.8 2.66966e-14
13011.4 2.62588e-14
13017.1 2.58253e-14
13022.7 2.53961e-14
13028.3 2.49712e-14
13034 2.45504e-14
13039.6 2.41338e-14
13045.2 2.37213e-14
13050.9 2.33128e-14
13056.5 2.29085e-14
13062.1 2.25082e-14
13067.7 2.21118e-14
13073.4 2.17194e-14
13079 2.13309e-14
13084.6 2.09464e-14
13090.3 2.05656e-14
13095.9 2.01887e-14
13101.5 1.98156e-14
13107.2 1.94463e-14
13112.8 1.90807e-14
13118.4 1.87187e-14
13124.1 1.83605e-14
13129.7 1.80059e-14
13135.3 1.76549e-14
13141 1.73074e-14
13146.6 1.69635e-14
13152.2 1.66231e-14
13157.9 1.62862e-14
13163.5 1.59528e-14
13169.1 1.56228e-14
13174.8 1.52962e-14
13180.4 1.49729e-14
13186 1.4653e-14
13191.7 1.43364e-14
13197.3 1.40231e-14
13202.9 1.3713e-14
13208.6 1.34062e-14
13214.2 1.31026e-14
13219.8 1.28021e-14
13225.5 1.25048e-14
13231.1 1.22106e-14
13236.7 1.19195e-14
13242.4 1.16314e-14
13248 1.13465e-14
13253.6 1.10645e-14
13259.3 1.07855e-14
13264.9 1.05094e-14
13270.5 1.02363e-14
13276.2 9.96616e-15
13281.8 9.69886e-15
13287.4 9.43443e-15
13293.1 9.17283e-15
13298.7 8.91405e-15
13304.3 8.65805e-15
13310 8.40482e-15
13315.6 8.15432e-15
13321.2 7.90655e-15
13326.9 7.66147e-15
13332.5 7.41905e-15
13338.1 7.17929e-15
13343.7 6.94215e-15
13349.4 6.70761e-15
13355 6.47565e-15
13360.6 6.24624e-15
13366.3 6.01937e-15
13371.9 5.79501e-15
13377.5 5.57314e-15
13383.2 5.35374e-15
13388.8 5.13678e-15
13394.4 4.92225e-15
13400.1 4.71013e-15
13405.7 4.50038e-15
13411.3 4.293e-15
13417 4.08796e-15
13422.6 3.88524e-15
13428.2 3.68482e-15
13433.9 3.48668e-15
13439.5 3.2908e-15
13445.1 3.09716e-15
13450.8 2.90574e-15
13456.4 2.71652e-15
13462 2.52948e-15
13467.7 2.3446e-15
13473.3 2.16186e-15
13478.9 1.98125e-15
13484.6 1.80275e-15
13490.2 1.62633e-15
13495.8 1.45197e-15
13501.5 1.27967e-15
13507.1 1.10939e-15
13512.7 9.41131e-16
13518.4 7.74864e-16
13524 6.10573e-16
13529.6 4.48242e-16
13535.3 2.87852e-16
13540.9 1.29385e-16
13546.5 -2.71741e-17
13552.2 -1.81844e-16
13557.8 -3.34641e-16
13563.4 -4.85583e-16
13569.1 -6.34686e-16
13574.7 -7.81966e-16
13580.3 -9.27441e-16
13586 -1.07113e-15
13591.6 -1.21304e-15
13597.2 -1.35319e-15
13602.9 -1.49161e-15
13608.5 -1.62829e-15
13614.1 -1.76327e-15
13619.7 -1.89656e-15
13625.4 -2.02816e-15
13631 -2.15811e-15
13636.6 -2.2864e-15
13642.3 -2.41306e-15
13647.9 -2.5381e-15
13653.5 -2.66154e-15
13659.2 -2.7834e-15
13664.8 -2.90367e-15
13670.4 -3.02239e-15
13676.1 -3.13956e-15
13681.7 -3.25521e-15
13687.3 -3.36933e-15
13693 -3.48196e-15
13698.6 -3.59309e-15
13704.2 -3.70275e-15
13709.9 -3.81095e-15
13715.5 -3.9177e-15
13721.1 -4.02301e-15
13726.8 -4.12691e-15
13732.4 -4.2294e-15
13738 -4.33049e-15
13743.7 -4.43021e-15
13749.3 -4.52855e-15
13754.9 -4.62554e-15
13760.6 -4.72118e-15
13766.2 -4.8155e-15
13771.8 -4.9085e-15
13777.5 -5.00019e-15
13783.1 -5.09059e-15
13788.7 -5.17971e-15
13794.4 -5.26756e-15
13800 -5.35415e-15
13805.6 -5.4395e-15
13811.3 -5.52362e-15
13816.9 -5.60651e-15
13822.5 -5.6882e-15
13828.2 -5.76868e-15
13833.8 -5.84798e-15
13839.4 -5.92611e-15
13845.1 -6.00307e-15
13850.7 -6.07888e-15
13856.3 -6.15355e-15
13862 -6.22708e-15
13867.6 -6.2995e-15
13873.2 -6.37081e-15
13878.9 -6.44102e-15
13884.5 -6.51014e-15
13890.1 -6.57818e-15
13895.7 -6.64516e-15
13901.4 -6.71108e-15
13907 -6.77596e-15
13912.6 -6.83979e-15
13918.3 -6.90261e-15
13923.9 -6.96441e-15
13929.5 -7.0252e-15
13935.2 -7.08499e-15
13940.8 -7.1438e-15
13946.4 -7.20164e-15
13952.1 -7.2585e-15
13957.7 -7.31441e-15
13963.3 -7.36937e-15
13969 -7.4234e-15
13974.6 -7.47649e-15
13980.2 -7.52866e-15
13985.9 -7.57993e-15
13991.5 -7.63029e-15
13997.1 -7.67976e-15
14002.8 -7.72834e-15
14008.4 -7.77605e-15
14014 -7.82289e-15
14019.7 -7.86888e-15
14025.3 -7.91402e-15
14030.9 -7.95831e-15
14036.6 -8.00178e-15
14042.2 -8.04442e-15
14047.8 -8.08625e-15
14053.5 -8.12726e-15
14059.1 -8.16749e-15
14064.7 -8.20692e-15
14070.4 -8.24556e-15
14076 -8.28344e-15
14081.6 -8.32054e-15
14087.3 -8.35689e-15
14092.9 -8.39249e-15
14098.5 -8.42734e-15
14104.2 -8.46146e-15
14109.8 -8.49485e-15
14115.4 -8.52752e-15
14121.1 -8.55948e-15
14126.7 -8.59073e-15
14132.3 -8.62128e-15
14138 -8.65114e-15
14143.6 -8.68032e-15
14149.2 -8.70883e-15
14154.9 -8.73666e-15
14160.5 -8.76383e-15
14166.1 -8.79034e-15
14171.7 -8.81621e-15
14177.4 -8.84144e-15
14183 -8.86603e-15
14188.6 -8.88999e-15
14194.3 -8.91333e-15
14199.9 -8.93605e-15
14205.5 -8.95817e-15
14211.2 -8.97969e-15
14216.8 -9.00061e-15
14222.4 -9.02094e-15
14228.1 -9.04069e-15
14233.7 -9.05986e-15
14239.3 -9.07846e-15
14245 -9.0965e-15
14250.6 -9.11398e-15
14256.2 -9.13091e-15
14261.9 -9.1473e-15
14267.5 -9.16314e-15
14273.1 -9.17845e-15
14278.8 -9.19323e-15
14284.4 -9.20749e-15
14290 -9.22124e-15
14295.7 -9.23447e-15
14301.3 -9.2472e-15
14306.9 -9.25943e-15
14312.6 -9.27117e-15
14318.2 -9.28241e-15
14323.8 -9.29318e-15
14329.5 -9.30347e-15
14335.1 -9.31328e-15
14340.7 -9.32263e-15
14346.4 -9.33152e-15
14352 -9.33995e-15
14357.6 -9.34793e-15
14363.3 -9.35546e-15
14368.9 -9.36256e-15
14374.5 -9.36921e-15
14380.2 -9.37544e-15
14385.8 -9.38124e-15
14391.4 -9.38662e-15
14397.1 -9.39159e-15
14402.7 -9.39614e-15
14408.3 -9.40029e-15
14414 -9.40404e-15
14419.6 -9.40739e-15
14425.2 -9.41034e-15
14430.9 -9.41291e-15
14436.5 -9.4151e-15
14442.1 -9.41691e-15
14447.7 -9.41834e-15
14453.4 -9.41941e-15
14459 -9.42011e-15
14464.6 -9.42045e-15
14470.3 -9.42043e-15
14475.9 -9.42006e-15
14481.5 -9.41934e-15
14487.2 -9.41828e-15
14492.8 -9.41688e-15
14498.4 -9.41514e-15
14504.1 -9.41308e-15
14509.7 -9.41068e-15
14515.3 -9.40797e-15
14521 -9.40493e-15
14526.6 -9.40158e-15
14532.2 -9.39792e-15
14537.9 -9.39395e-15
14543.5 -9.38968e-15
14549.1 -9.3851e-15
14554.8 -9.38024e-15
14560.4 -9.37507e-15
14566 -9.36963e-15
14571.7 -9.36389e-15
14577.3 -9.35788e-15
14582.9 -9.35159e-15
14588.6 -9.34502e-15
14594.2 -9.33819e-15
14599.8 -9.33108e-15
14605.5 -9.32372e-15
14611.1 -9.31609e-15
14616.7 -9.30821e-15
14622.4 -9.30007e-15
14628 -9.29169e-15
14633.6 -9.28306e-15
14639.3 -9.27418e-15
14644.9 -9.26507e-15
14650.5 -9.25572e-15
14656.2 -9.24613e-15
14661.8 -9.23632e-15
14667.4 -9.22628e-15
14673.1 -9.21601e-15
14678.7 -9.20553e-15
14684.3 -9.19482e-15
14690 -9.18391e-15
14695.6 -9.17278e-15
14701.2 -9.16144e-15
14706.9 -9.14989e-15
14712.5 -9.13814e-15
14718.1 -9.1262e-15
14723.7 -9.11405e-15
14729.4 -9.10171e-15
14735 -9.08918e-15
14740.6 -9.07646e-15
14746.3 -9.06356e-15
14751.9 -9.05047e-15
14757.5 -9.0372e-15
14763.2 -9.02375e-15
14768.8 -9.01013e-15
14774.4 -8.99633e-15
14780.1 -8.98237e-15
14785.7 -8.96823e-15
14791.3 -8.95393e-15
14797 -8.93947e-15
14802.6 -8.92485e-15
14808.2 -8.91008e-15
14813.9 -8.89514e-15
14819.5 -8.88006e-15
14825.1 -8.86482e-15
14830.8 -8.84944e-15
14836.4 -8.83391e-15
14842 -8.81824e-15
14847.7 -8.80243e-15
14853.3 -8.78647e-15
14858.9 -8.77039e-15
14864.6 -8.75417e-15
14870.2 -8.73781e-15
14875.8 -8.72133e-15
14881.5 -8.70472e-15
14887.1 -8.68799e-15
14892.7 -8.67113e-15
14898.4 -8.65415e-15
14904 -8.63705e-15
14909.6 -8.61983e-15
14915.3 -8.60251e-15
14920.9 -8.58506e-15
14926.5 -8.56751e-15
14932.2 -8.54985e-15
14937.8 -8.53208e-15
14943.4 -8.51421e-15
14949.1 -8.49623e-15
14954.7 -8.47815e-15
14960.3 -8.45998e-15
14966 -8.4417e-15
14971.6 -8.42333e-15
14977.2 -8.40487e-15
14982.9 -8.38632e-15
14988.5 -8.36767e-15
14994.1 -8.34894e-15
14999.7 -8.33012e-15
15005.4 -8.31122e-15
15011 -8.29224e-15
15016.6 -8.27317e-15
15022.3 -8.25402e-15
15027.9 -8.2348e-15
15033.5 -8.2155e-15
15039.2 -8.19612e-15
15044.8 -8.17668e-15
15050.4 -8.15716e-15
15056.1 -8.13757e-15
15061.7 -8.11791e-15
15067.3 -8.09819e-15
15073 -8.0784e-15
15078.6 -8.05855e-15
15084.2 -8.03864e-15
15089.9 -8.01866e-15
15095.5 -7.99863e-15
15101.1 -7.97854e-15
15106.8 -7.95839e-15
15112.4 -7.93819e-15
15118 -7.91793e-15
15123.7 -7.89763e-15
15129.3 -7.87727e-15
15134.9 -7.85686e-15
15140.6 -7.83641e-15
15146.2 -7.81591e-15
15151.8 -7.79536e-15
15157.5 -7.77478e-15
15163.1 -7.75414e-15
15168.7 -7.73347e-15
15174.4 -7.71276e-15
15180 -7.69201e-15
15185.6 -7.67122e-15
15191.3 -7.65039e-15
15196.9 -7.62953e-15
15202.5 -7.60864e-15
15208.2 -7.58771e-15
15213.8 -7.56675e-15
15219.4 -7.54577e-15
15225.1 -7.52475e-15
15230.7 -7.5037e-15
15236.3 -7.48263e-15
15242 -7.46153e-15
15247.6 -7.44041e-15
15253.2 -7.41927e-15
15258.9 -7.3981e-15
15264.5 -7.37691e-15
15270.1 -7.3557e-15
15275.7 -7.33447e-15
15281.4 -7.31322e-15
15287 -7.29195e-15
15292.6 -7.27067e-15
15298.3 -7.24938e-15
15303.9 -7.22806e-15
15309.5 -7.20674e-15
15315.2 -7.1854e-15
15320.8 -7.16406e-15
15326.4 -7.1427e-15
15332.1 -7.12133e-15
15337.7 -7.09995e-15
15343.3 -7.07857e-15
15349 -7.05718e-15
15354.6 -7.03578e-15
15360.2 -7.01438e-15
15365.9 -6.99297e-15
15371.5 -6.97156e-15
15377.1 -6.95014e-15
15382.8 -6.92873e-15
15388.4 -6.90731e-15
15394 -6.8859e-15
15399.7 -6.86448e-15
15405.3 -6.84307e-15
15410.9 -6.82166e-15
15416.6 -6.80025e-15
15422.2 -6.77885e-15
15427.8 -6.75745e-15
15433.5 -6.73605e-15
15439.1 -6.71467e-15
15444.7 -6.69328e-15
15450.4 -6.67191e-15
15456 -6.65054e-15
15461.6 -6.62919e-15
15467.3 -6.60784e-15
15472.9 -6.5865e-15
15478.5 -6.56518e-15
15484.2 -6.54386e-15
15489.8 -6.52256e-15
15495.4 -6.50127e-15
15501.1 -6.48e-15
15506.7 -6.45873e-15
15512.3 -6.43749e-15
15518 -6.41626e-15
15523.6 -6.39504e-15
15529.2 -6.37384e-15
15534.9 -6.35266e-15
15540.5 -6.3315e-15
15546.1 -6.31035e-15
15551.7 -6.28923e-15
15557.4 -6.26812e-15
15563 -6.24703e-15
15568.6 -6.22597e-15
15574.3 -6.20492e-15
15579.9 -6.1839e-15
15585.5 -6.1629e-15
15591.2 -6.14192e-15
15596.8 -6.12097e-15
15602.4 -6.10003e-15
15608.1 -6.07913e-15
15613.7 -6.05825e-15
15619.3 -6.03739e-15
15625 -6.01656e-15
15630.6 -5.99575e-15
15636.2 -5.97497e-15
15641.9 -5.95422e-15
15647.5 -5.9335e-15
15653.1 -5.9128e-15
15658.8 -5.89214e-15
15664.4 -5.8715e-15
15670 -5.85089e-15
15675.7 -5.83031e-15
15681.3 -5.80976e-15
15686.9 -5.78924e-15
15692.6 -5.76875e-15
15698.2 -5.74829e-15
15703.8 -5.72787e-15
15709.5 -5.70748e-15
15715.1 -5.68711e-15
15720.7 -5.66679e-15
15726.4 -5.64649e-15
15732 -5.62623e-15
15737.6 -5.606e-15
15743.3 -5.58581e-15
15748.9 -5.56565e-15
15754.5 -5.54553e-15
15760.2 -5.52544e-15
15765.8 -5.50539e-15
15771.4 -5.48537e-15
15777.1 -5.46539e-15
15782.7 -5.44544e-15
15788.3 -5.42554e-15
15794 -5.40567e-15
15799.6 -5.38583e-15
15805.2 -5.36604e-15
15810.9 -5.34628e-15
15816.5 -5.32656e-15
15822.1 -5.30688e-15
15827.7 -5.28724e-15
15833.4 -5.26764e-15
15839 -5.24807e-15
15844.6 -5.22855e-15
15850.3 -5.20907e-15
15855.9 -5.18962e-15
15861.5 -5.17022e-15
15867.2 -5.15086e-15
15872.8 -5.13153e-15
15878.4 -5.11225e-15
15884.1 -5.09301e-15
15889.7 -5.07381e-15
15895.3 -5.05466e-15
15901 -5.03554e-15
15906.6 -5.01647e-15
15912.2 -4.99744e-15
15917.9 -4.97845e-15
15923.5 -4.95951e-15
15929.1 -4.94061e-15
15934.8 -4.92175e-15
15940.4 -4.90293e-15
15946 -4.88416e-15
15951.7 -4.86543e-15
15957.3 -4.84675e-15
15962.9 -4.82811e-15
15968.6 -4.80951e-15
15974.2 -4.79096e-15
15979.8 -4.77245e-15
15985.5 -4.75399e-15
15991.1 -4.73557e-15
15996.7 -4.7172e-15
16002.4 -4.69887e-15
16008 -4.68059e-15
16013.6 -4.66235e-15
16019.3 -4.64416e-15
16024.9 -4.62601e-15
16030.5 -4.60791e-15
16036.2 -4.58985e-15
16041.8 -4.57185e-15
16047.4 -4.55388e-15
16053.1 -4.53597e-15
16058.7 -4.5181e-15
16064.3 -4.50027e-15
16070 -4.4825e-15
16075.6 -4.46477e-15
16081.2 -4.44708e-15
16086.9 -4.42945e-15
16092.5 -4.41186e-15
16098.1 -4.39431e-15
16103.7 -4.37682e-15
16109.4 -4.35937e-15
16115 -4.34197e-15
16120.6 -4.32462e-15
16126.3 -4.30731e-15
16131.9 -4.29005e-15
16137.5 -4.27284e-15
16143.2 -4.25568e-15
16148.8 -4.23856e-15
16154.4 -4.2215e-15
16160.1 -4.20448e-15
16165.7 -4.1875e-15
16171.3 -4.17058e-15
16177 -4.1537e-15
16182.6 -4.13688e-15
16188.2 -4.1201e-15
16193.9 -4.10337e-15
16199.5 -4.08668e-15
16205.1 -4.07005e-15
16210.8 -4.05346e-15
16216.4 -4.03692e-15
16222 -4.02043e-15
16227.7 -4.00399e-15
16233.3 -3.9876e-15
16238.9 -3.97126e-15
16244.6 -3.95496e-15
16250.2 -3.93871e-15
16255.8 -3.92251e-15
16261.5 -3.90636e-15
16267.1 -3.89026e-15
16272.7 -3.87421e-15
16278.4 -3.85821e-15
16284 -3.84225e-15
16289.6 -3.82634e-15
16295.3 -3.81049e-15
16300.9 -3.79468e-15
16306.5 -3.77892e-15
16312.2 -3.7632e-15
16317.8 -3.74754e-15
16323.4 -3.73192e-15
16329.1 -3.71636e-15
16334.7 -3.70084e-15
16340.3 -3.68537e-15
16346 -3.66995e-15
16351.6 -3.65458e-15
16357.2 -3.63926e-15
16362.9 -3.62398e-15
16368.5 -3.60876e-15
16374.1 -3.59358e-15
16379.7 -3.57845e-15
16385.4 -3.56337e-15
16391 -3.54834e-15
16396.6 -3.53336e-15
16402.3 -3.51842e-15
16407.9 -3.50354e-15
16413.5 -3.4887e-15
16419.2 -3.47391e-15
16424.8 -3.45917e-15
16430.4 -3.44447e-15
16436.1 -3.42983e-15
16441.7 -3.41523e-15
16447.3 -3.40069e-15
16453 -3.38619e-15
16458.6 -3.37174e-15
16464.2 -3.35733e-15
16469.9 -3.34298e-15
16475.5 -3.32867e-15
16481.1 -3.31441e-15
16486.8 -3.3002e-15
16492.4 -3.28603e-15
16498 -3.27192e-15
16503.7 -3.25785e-15
16509.3 -3.24383e-15
16514.9 -3.22986e-15
16520.6 -3.21593e-15
16526.2 -3.20206e-15
16531.8 -3.18823e-15
16537.5 -3.17444e-15
16543.1 -3.16071e-15
16548.7 -3.14702e-15
16554.4 -3.13338e-15
16560 -3.11979e-15
16565.6 -3.10624e-15
16571.3 -3.09274e-15
16576.9 -3.07929e-15
16582.5 -3.06589e-15
16588.2 -3.05253e-15
16593.8 -3.03922e-15
16599.4 -3.02596e-15
16605.1 -3.01274e-15
16610.7 -2.99957e-15
16616.3 -2.98644e-15
16622 -2.97337e-15
16627.6 -2.96034e-15
16633.2 -2.94735e-15
16638.9 -2.93441e-15
16644.5 -2.92152e-15
16650.1 -2.90867e-15
16655.7 -2.89587e-15
16661.4 -2.88312e-15
16667 -2.87041e-15
16672.6 -2.85775e-15
16678.3 -2.84513e-15
16683.9 -2.83256e-15
16689.5 -2.82004e-15
16695.2 -2.80756e-15
16700.8 -2.79512e-15
16706.4 -2.78273e-15
16712.1 -2.77039e-15
16717.7 -2.75809e-15
16723.3 -2.74584e-15
16729 -2.73363e-15
16734.6 -2.72147e-15
16740.2 -2.70935e-15
16745.9 -2.69727e-15
16751.5 -2.68524e-15
16757.1 -2.67326e-15
16762.8 -2.66132e-15
16768.4 -2.64942e-15
16774 -2.63757e-15
16779.7 -2.62576e-15
16785.3 -2.614e-15
16790.9 -2.60228e-15
16796.6 -2.59061e-15
16802.2 -2.57897e-15
16807.8 -2.56739e-15
16813.5 -2.55584e-15
16819.1 -2.54434e-15
16824.7 -2.53289e-15
16830.4 -2.52147e-15
16836 -2.5101e-15
16841.6 -2.49877e-15
16847.3 -2.48749e-15
16852.9 -2.47625e-15
16858.5 -2.46505e-15
16864.2 -2.4539e-15
16869.8 -2.44278e-15
16875.4 -2.43171e-15
16881.1 -2.42068e-15
16886.7 -2.4097e-15
16892.3 -2.39876e-15
