 40
  0.17992702E-01  0.66952257E-02 -0.82524981E-02 -0.45511280E-02  0.35195223E-02
 -0.49681026E-03  0.80386954E-02  0.11310088E-01 -0.77067111E-02  0.30714730E-02
 -0.42698096E-02 -0.40101964E-03 -0.26452943E-02 -0.15409410E-02  0.88203695E-02
  0.14608582E-02  0.28978072E-02 -0.38060653E-02 -0.69542213E-03 -0.10980279E-01
  0.58900767E-02  0.10047927E-01  0.20983431E-02 -0.11367607E-02  0.91866211E-02
 -0.43939137E-02 -0.13755189E-01 -0.38506989E-02 -0.12616127E-01  0.91358550E-03
  0.23719929E-02 -0.61701243E-02  0.15446592E-01 -0.13049376E-01 -0.89291217E-02
  0.44491538E-03  0.10660657E-02  0.47109519E-02  0.59493455E-02 -0.64985932E-02
  0.78203541E-02  0.37613227E-02 -0.87490404E-02 -0.16199152E-02  0.27984494E-02
 -0.78541100E-02 -0.55893179E-02  0.26847219E-02  0.48416811E-02 -0.18112672E-02
  0.29045621E-03 -0.91636755E-02 -0.24458442E-02  0.65079726E-02 -0.43374548E-03
 -0.76790803E-02  0.12340844E-02  0.62142607E-02 -0.57464129E-03  0.81218022E-02
 -0.14173147E-02 -0.10143329E-01  0.17270127E-02  0.36947721E-02 -0.27055840E-02
  0.39114522E-02  0.23688765E-02 -0.53880400E-02 -0.42894389E-03 -0.12751781E-02
 -0.25873179E-02  0.10811623E-02 -0.67306385E-03  0.41072995E-03  0.21696147E-02
 -0.38458083E-02  0.63725554E-03  0.60865077E-03  0.21702695E-04  0.20041226E-03
 -0.19879358E-02 -0.13856229E-02  0.23565779E-02  0.15130737E-02 -0.26409628E-02
 -0.10608063E-02 -0.76144025E-02 -0.18243020E-02  0.19656518E-02  0.12795498E-02
  0.21520363E-02  0.97381966E-03 -0.45665767E-02  0.27010282E-03 -0.18923960E-02
 -0.44373576E-02 -0.21817745E-02 -0.38127187E-02  0.30974183E-02 -0.32645152E-02
  0.85001062E-03 -0.24256379E-03  0.33533406E-02 -0.18881106E-02  0.60583092E-03
  0.10006187E-02 -0.85669053E-03 -0.11983601E-02 -0.23655426E-02  0.21515644E-03
  0.28293036E-02  0.25029921E-02 -0.31024591E-03  0.13863720E-02  0.15514368E-03
 -0.13684390E-02  0.94197552E-03  0.32897946E-02 -0.62978535E-03 -0.67284078E-02
 -0.45876456E-03 -0.13822715E-02 -0.91241380E-03  0.45886089E-03  0.46788681E-03
 -0.28922242E-03 -0.51612504E-02  0.17512470E-03 -0.10694925E-02  0.31784089E-02
  0.19102329E-02  0.48211867E-02  0.83210864E-03  0.32686909E-02  0.64311700E-03
 -0.48729700E-02 -0.24756991E-02  0.19136892E-03 -0.15269582E-03  0.68913911E-02
 -0.16642380E-02  0.50235461E-03 -0.52561764E-03  0.58043222E-02  0.12881452E-02
 -0.29003950E-02  0.34952348E-02  0.17901519E-02 -0.29791808E-02  0.21583409E-03
  0.44673966E-03 -0.14549798E-02  0.16646529E-02  0.21957951E-02 -0.15555755E-02
  0.16994040E-02 -0.26360046E-02 -0.20792345E-02  0.28466771E-02 -0.35016180E-03
 -0.97439690E-03  0.24645417E-02  0.10653578E-03 -0.10654984E-02  0.62144789E-03
  0.53511811E-02  0.32198993E-02 -0.21644994E-02 -0.58549384E-02 -0.10214881E-02
 -0.54594700E-02 -0.22783200E-03  0.13402694E-03  0.73364669E-03 -0.15954878E-02
  0.56570807E-03 -0.82333571E-03  0.30714626E-02  0.17790067E-02  0.11242023E-02
  0.49193335E-04 -0.15495160E-02  0.17398969E-02 -0.30386576E-02 -0.11628322E-02
 -0.10852054E-02  0.38720571E-02  0.37385143E-02  0.96468352E-03 -0.15862798E-03
 -0.29199763E-02  0.12468288E-02  0.48143785E-02 -0.36898628E-02  0.77871256E-03
  0.60361726E-02 -0.11171892E-02 -0.16580915E-02  0.17048888E-02  0.59026408E-03
  0.40378887E-03  0.68317708E-03  0.16727601E-02 -0.25986927E-02  0.10094026E-02
  0.89309279E-03 -0.17587488E-02 -0.45721218E-03 -0.70012528E-03 -0.12701254E-02
  0.61489335E-03  0.15113598E-03 -0.11301289E-02  0.17979553E-02  0.43869602E-03
 -0.44315417E-03  0.17989960E-02  0.81055432E-03 -0.34338862E-02 -0.12314845E-02
 -0.37508002E-02 -0.15622444E-03  0.93559349E-03  0.42367403E-02  0.36023463E-03
 -0.49221387E-03 -0.10818582E-02  0.12374713E-02 -0.40360875E-03  0.10226679E-02
  0.19121316E-02  0.20074289E-02  0.94509603E-03  0.12099581E-02 -0.15561844E-02
  0.64114286E-03 -0.15366136E-02  0.17412986E-02  0.49428492E-03  0.75263117E-03
 -0.48430485E-03 -0.33694941E-02 -0.13464741E-02  0.39935496E-03 -0.10450945E-02
 -0.14633129E-02 -0.37791619E-03  0.45669817E-03  0.81552958E-03 -0.18996276E-02
 -0.18111632E-02  0.16018332E-02  0.16654359E-02 -0.31061084E-02 -0.42281821E-02
  0.61496341E-03 -0.77383549E-03  0.56230909E-03  0.23336862E-03  0.46811567E-03
  0.10417415E-02  0.14931199E-02 -0.10997236E-02 -0.87956567E-03 -0.22346773E-02
  0.10584670E-02 -0.21544141E-03 -0.21631671E-02  0.16619406E-03  0.11238161E-02
 -0.56249023E-03 -0.20955758E-02  0.71245453E-03 -0.13631424E-02  0.20683637E-03
  0.79535923E-03  0.52996065E-04 -0.42367020E-03 -0.12107508E-02 -0.61542959E-04
 -0.21395770E-02 -0.11053145E-02 -0.15728975E-02  0.15212628E-03  0.12999390E-02
  0.28138999E-03 -0.10478634E-02  0.14304389E-02  0.11041305E-02  0.25993669E-03
  0.46209942E-03 -0.16200834E-03  0.77716672E-03 -0.27065501E-02 -0.26437203E-03
 -0.21299602E-02  0.33265633E-03  0.10068821E-02 -0.20706679E-02  0.27037270E-03
 -0.42589392E-03  0.56822509E-03  0.40308263E-03 -0.16639557E-02  0.34445579E-03
 -0.10444873E-02 -0.22879961E-02 -0.48282108E-02  0.32675812E-03  0.77521778E-03
  0.35724917E-03 -0.17991938E-03 -0.22307706E-02 -0.45430724E-04  0.14632891E-02
 -0.10016020E-02  0.36189228E-02  0.17819025E-02 -0.39457182E-02 -0.16530840E-02
 -0.38562539E-03  0.46258168E-03 -0.21016390E-02 -0.31013237E-02  0.30809621E-03
 -0.35097623E-04 -0.80793782E-03 -0.13555362E-02 -0.96265040E-03  0.39671114E-03
 -0.89513203E-03 -0.76350884E-03 -0.20675528E-02  0.56934831E-03 -0.48240498E-03
 -0.12021758E-03  0.18412819E-02 -0.15127733E-04 -0.18387701E-03 -0.31610553E-02
  0.28627130E-03 -0.56831941E-03 -0.27243858E-02 -0.19404354E-02 -0.25645900E-03
  0.98414160E-03  0.21956594E-02 -0.24501737E-03 -0.51847759E-03 -0.24371183E-03
 -0.12672237E-02  0.99419299E-03  0.80234120E-03 -0.85372746E-03 -0.24096612E-02
  0.40202262E-03  0.11805989E-02  0.13032783E-02  0.14799830E-02 -0.11198179E-02
 -0.24519813E-03 -0.27033171E-03  0.66153038E-03 -0.20596659E-02 -0.25823148E-02
  0.72762724E-03  0.12074538E-02  0.16039458E-02  0.78239345E-04 -0.94858192E-04
  0.10612926E-02  0.83701730E-04  0.24063826E-02 -0.16321194E-02 -0.69866028E-05
 -0.87420292E-03  0.12249695E-03  0.21650389E-03 -0.12402000E-03  0.80167783E-04
  0.95189310E-03 -0.17252641E-02 -0.18998712E-03  0.21517272E-03  0.16060147E-02
 -0.38780352E-03  0.12584534E-02 -0.18369954E-02 -0.12223741E-02  0.21021098E-02
 -0.10919963E-02  0.83475452E-03 -0.95698123E-03 -0.82330648E-03  0.12126007E-02
  0.40744935E-04  0.42693657E-03  0.17049132E-02 -0.98600700E-03  0.19106903E-03
 -0.55896322E-03  0.69512254E-03  0.70217318E-04 -0.82486093E-03 -0.89880815E-03
  0.99416011E-03 -0.55069152E-03 -0.70726202E-03  0.63972417E-03  0.10895545E-02
 -0.45468017E-04 -0.16187445E-02 -0.41436951E-03  0.74068218E-03 -0.15671209E-02
  0.23313722E-03 -0.78845072E-03  0.31472480E-03  0.12419341E-02  0.57549348E-03
 -0.35059918E-03  0.79685265E-03  0.15240996E-02  0.88966956E-03  0.13771763E-03
  0.18113727E-02 -0.15005931E-02 -0.12787857E-02 -0.72243561E-04 -0.11105249E-02
  0.27997109E-03 -0.15319561E-03  0.29646397E-03  0.18130189E-02 -0.30512823E-03
 -0.22938376E-02 -0.78029209E-04 -0.74550816E-04  0.14230405E-02 -0.10400659E-02
  0.36934841E-03 -0.29167661E-03 -0.16092958E-03  0.48364918E-03 -0.47691961E-03
 -0.11196625E-02  0.31806770E-03 -0.45733324E-03  0.78851318E-03  0.22418184E-03
  0.39598219E-03  0.30002368E-03 -0.47974639E-03 -0.15761404E-02  0.10116665E-03
  0.88758423E-03 -0.34609912E-03  0.41000770E-04  0.69143269E-03 -0.10645137E-02
  0.89002979E-03 -0.19812101E-02 -0.72746288E-03 -0.24037173E-03 -0.60263886E-03
  0.12940237E-03 -0.10587512E-02 -0.54569952E-03 -0.13873923E-02 -0.69454858E-03
 -0.49557896E-03  0.12552077E-04 -0.47555343E-03 -0.27628830E-03  0.57050116E-03
 -0.48154124E-04  0.32407993E-03 -0.71025725E-04  0.27597455E-03  0.44102572E-04
  0.14616068E-02 -0.38353446E-03  0.36899469E-04 -0.18119559E-03  0.24595769E-03
  0.74831934E-03  0.44340266E-03 -0.89057534E-03 -0.53173885E-03  0.17058930E-03
  0.70334592E-03  0.10136016E-02 -0.12630238E-02  0.48885648E-03 -0.69389014E-03
 -0.44935486E-03 -0.81138797E-03 -0.21755994E-03  0.10651564E-03  0.31636392E-03
  0.71007777E-03  0.13080334E-03 -0.13855164E-03 -0.95976711E-03 -0.79747431E-03
  0.54467199E-03 -0.18561278E-02 -0.42854020E-03  0.16809214E-03  0.74503412E-03
 -0.13493156E-02 -0.74066117E-03 -0.17281622E-03  0.16589916E-03 -0.17993658E-03
  0.10210498E-02  0.11273352E-02 -0.71992325E-04  0.67685863E-03  0.40105402E-03
 -0.67034469E-04  0.80452780E-03  0.44400414E-03 -0.50720409E-03  0.21035287E-03
  0.13970893E-02 -0.13571881E-02 -0.16230573E-02 -0.81359596E-03 -0.16464459E-03
  0.78585811E-03  0.13837725E-02  0.25362419E-03  0.63265224E-03 -0.17296792E-02
 -0.72068300E-03 -0.56187378E-04  0.41420912E-04 -0.15370215E-03 -0.78284397E-03
  0.62487542E-03 -0.23088682E-03 -0.97490871E-03  0.74485623E-03  0.32204765E-03
  0.94083834E-03  0.89230006E-03  0.95874134E-04 -0.54988329E-03 -0.12591411E-03
 -0.19703022E-03 -0.39594655E-03 -0.10837025E-02 -0.14123451E-02 -0.64351475E-03
  0.57613068E-03  0.12838394E-03  0.10017487E-03 -0.55061054E-03 -0.12534342E-02
  0.14402826E-04  0.87743600E-03 -0.24571039E-03 -0.83485913E-03  0.14702036E-02
  0.33680373E-03  0.71086474E-04  0.52280379E-03  0.22683395E-03 -0.25500676E-03
  0.29708945E-03  0.12657989E-03  0.34774097E-04 -0.43580197E-03 -0.61554317E-03
  0.54938842E-03 -0.41466494E-03  0.21640217E-03  0.34811894E-03  0.21023377E-03
 -0.22135843E-03  0.11005609E-02 -0.52295371E-03 -0.62485469E-03  0.11986896E-02
 -0.27489501E-03  0.20720652E-03 -0.45554534E-03 -0.25123667E-04  0.59601724E-03
 -0.86413833E-03 -0.18457694E-03  0.50188618E-03  0.91874653E-03  0.30618944E-03
 -0.71698322E-03 -0.14982757E-03 -0.18780349E-03  0.26981226E-03 -0.12678362E-02
  0.60729465E-03 -0.68150155E-03  0.60642589E-03  0.18985140E-03  0.94564925E-03
 -0.14196193E-03  0.57405248E-03 -0.46382111E-03  0.14398149E-03  0.10743469E-04
  0.12564711E-02  0.12207910E-02 -0.37359242E-03  0.18793109E-03  0.40474766E-03
  0.34587057E-03  0.68581283E-03  0.45711090E-03  0.43360886E-03  0.36882186E-03
 -0.27347869E-03 -0.55161914E-03  0.21697257E-04  0.62229632E-03  0.87093157E-03
 -0.24527972E-03  0.68018692E-03 -0.53759182E-03 -0.89066733E-03  0.13840458E-03
  0.14495164E-03  0.57237016E-03 -0.80406463E-03 -0.45247599E-04 -0.27267433E-03
 -0.23053789E-03 -0.26274907E-03  0.28649259E-04  0.74475532E-04 -0.91961869E-04
 -0.20976184E-03 -0.63144855E-03  0.23462384E-03  0.75729874E-03  0.52303717E-03
  0.40782083E-03  0.20855950E-03  0.34359718E-03  0.37273330E-03 -0.32707599E-04
  0.40451804E-03  0.16077189E-02  0.30998263E-03  0.51305456E-03  0.61606395E-03
 -0.51109923E-03 -0.37436546E-03  0.28093481E-03  0.97921232E-04  0.60214237E-03
  0.52211324E-03  0.98797143E-03 -0.66588726E-04  0.35313719E-04  0.12556038E-03
 -0.40092935E-03  0.83021805E-04  0.96704360E-04  0.45090340E-03 -0.55348033E-04
 -0.78940981E-03  0.46015783E-03 -0.58679207E-04 -0.34547119E-03 -0.57090573E-03
  0.86130566E-03 -0.34315783E-03  0.80510311E-03 -0.23848871E-03 -0.54507149E-03
  0.40363816E-03  0.30336674E-03  0.54190139E-04 -0.13234437E-04  0.44390777E-03
 -0.38553464E-03 -0.22897831E-03 -0.15784401E-03 -0.14836482E-03 -0.66373641E-04
  0.17317616E-03 -0.15398259E-03 -0.57471198E-03 -0.45068618E-03  0.17875754E-04
  0.15171380E-03  0.45460775E-03  0.15340684E-03 -0.60575041E-04 -0.99067653E-04
 -0.19905646E-03 -0.33973882E-03  0.66753363E-03 -0.10621917E-03  0.10994073E-02
  0.16662929E-03 -0.92592311E-03 -0.60083725E-03 -0.47920894E-03  0.25903056E-03
  0.69843547E-03 -0.41172825E-03 -0.41858667E-03  0.10112534E-03 -0.26246298E-03
 -0.19815023E-03 -0.43359558E-04  0.11403574E-04 -0.98506753E-04 -0.45843861E-03
 -0.31542060E-03 -0.33638401E-03  0.35640816E-04 -0.46802613E-03  0.11233055E-02
  0.18375845E-03 -0.41636739E-03  0.10629626E-03 -0.11301124E-03 -0.29117398E-03
 -0.91495827E-04 -0.18882073E-03 -0.72522918E-03 -0.44235431E-03  0.36571916E-03
  0.16220458E-03  0.20279796E-03  0.71950146E-03 -0.16491697E-03  0.69260994E-03
  0.60579806E-03  0.18540247E-03  0.14122130E-03  0.18008309E-03 -0.16550956E-03
 -0.27359767E-03  0.79748665E-04  0.47384643E-03  0.30394535E-03  0.25808806E-04
  0.79608237E-03 -0.57519432E-03  0.84559781E-04 -0.86370571E-04  0.46808786E-03
  0.23225123E-03  0.35657965E-03 -0.35802956E-03  0.10768746E-03  0.51287325E-03
 -0.17867202E-03 -0.71237273E-03  0.20671402E-03  0.93461940E-04  0.41360853E-03
 -0.43044074E-04  0.41629152E-03 -0.63982801E-03  0.89634775E-03 -0.17788463E-03
 -0.30484129E-03  0.83405087E-04 -0.51510262E-03 -0.40712953E-03 -0.16128484E-04
 -0.20857210E-03  0.43230225E-03  0.46559399E-04  0.57032476E-03  0.21423859E-03
 -0.25556792E-04  0.69033672E-06  0.44672428E-03 -0.17780979E-03 -0.12857019E-03
 -0.15964932E-04  0.47254675E-03  0.43829907E-04  0.77826694E-04  0.10879830E-03
  0.39130569E-03  0.35803087E-03  0.99528944E-04 -0.13688611E-03  0.20839013E-03
  0.48035631E-03  0.22334672E-04 -0.56455821E-03  0.51779496E-03 -0.26404454E-03
  0.37690154E-04 -0.16768758E-03 -0.55666473E-03 -0.17926813E-03 -0.10873844E-03
  0.15289363E-03 -0.15704110E-03  0.31047719E-03  0.77336359E-04  0.16330231E-03
  0.16429894E-03  0.17819981E-04  0.19925456E-03  0.29947153E-03 -0.11026110E-03
 -0.14385312E-03  0.42204371E-03 -0.28718092E-03 -0.27020954E-03  0.13982365E-03
 -0.26340681E-03 -0.13885093E-03 -0.36967304E-04  0.23699520E-04  0.22413229E-03
 -0.16569373E-03 -0.11397832E-03 -0.22045996E-03 -0.52503624E-03 -0.44799127E-03
  0.39106117E-03 -0.42576878E-03 -0.27285639E-03 -0.65254889E-03 -0.28563662E-04
 -0.24169454E-03 -0.76764935E-04 -0.19323986E-03  0.29177590E-03  0.21860222E-03
  0.16822739E-03  0.24799329E-03 -0.57681140E-04 -0.84378127E-04  0.92127284E-04
  0.54330527E-03  0.37254260E-03  0.16585752E-03  0.31340136E-03  0.31977335E-03
  0.19583225E-03  0.34615342E-03  0.42301160E-03  0.26174116E-03 -0.17825587E-03
 -0.24028538E-03 -0.67806784E-04  0.25083426E-03  0.46124916E-03 -0.12031502E-03
  0.21382114E-03 -0.69364062E-03  0.53509511E-04  0.93285432E-04 -0.13424615E-03
 -0.44496072E-03 -0.84095298E-05 -0.20497975E-03 -0.41759046E-03  0.49561879E-04
  0.15126639E-03  0.32144041E-03  0.20801752E-03  0.37169480E-03 -0.18092531E-03
  0.98249625E-04 -0.16718110E-03  0.20967364E-04 -0.48349882E-03  0.12470655E-03
  0.74944102E-04  0.40363169E-03 -0.35838367E-03 -0.40029592E-03 -0.77314631E-03
 -0.65316627E-04  0.30502248E-03 -0.15422569E-03  0.20887478E-04  0.66664762E-03
 -0.68585387E-03  0.22592890E-03 -0.61989597E-04 -0.60652977E-03 -0.37236750E-03
  0.22297063E-03  0.13609538E-03  0.56818362E-03  0.49947995E-03 -0.32281252E-04
  0.30073193E-03  0.43825347E-04 -0.27912727E-04 -0.66918036E-04  0.13452445E-04
  0.15803371E-03 -0.17242710E-03 -0.43155866E-03 -0.21434902E-03  0.38870175E-03
 -0.40712233E-04  0.13605567E-03  0.29585411E-03  0.17000897E-03 -0.24640806E-03
 -0.28963739E-03  0.49907551E-03  0.29177155E-03  0.39291618E-03  0.14554852E-03
 -0.39452511E-03  0.16622367E-03  0.13582088E-03 -0.40086041E-03  0.23961955E-03
  0.20929533E-03 -0.13214908E-03 -0.16178221E-03  0.12435243E-03 -0.35825354E-03
 -0.42055731E-04  0.51988935E-03  0.15046639E-03  0.16025444E-03 -0.72880342E-03
  0.14854328E-03  0.42284531E-03 -0.28382499E-03  0.26429763E-03  0.54192526E-04
 -0.13589841E-03  0.25008197E-03 -0.55431126E-04 -0.16272002E-03 -0.21494423E-03
 -0.80488017E-04  0.19847013E-03  0.10941544E-03  0.50057621E-03 -0.44893134E-04
  0.42152367E-03 -0.52712500E-03  0.40997188E-04  0.34183068E-03  0.12361037E-03
 -0.29750873E-03  0.48654484E-03 -0.49891529E-04  0.26134532E-03 -0.60084720E-03
 -0.14170280E-03 -0.12138229E-03 -0.22886282E-03 -0.14492001E-05  0.15101840E-03
 -0.28073213E-03  0.13420900E-04 -0.16507001E-03  0.73081604E-04 -0.33715693E-03
  0.13550712E-03 -0.24314955E-03 -0.28210105E-03  0.23856355E-03  0.21450821E-03
  0.27905276E-03  0.13279747E-03  0.10506935E-03 -0.14385439E-03 -0.35012710E-03
 -0.32961250E-03  0.19114839E-03  0.16441601E-04  0.28607637E-03  0.17816682E-05
 -0.34622087E-04  0.51221226E-04  0.35710600E-03 -0.42319429E-04 -0.23969093E-03
 -0.12978204E-03  0.18983367E-05  0.60569011E-04  0.26582411E-03  0.11467551E-03
 -0.61785115E-03  0.29155756E-03 -0.11403291E-03  0.30333326E-03  0.12323846E-03
 -0.53467823E-04 -0.21698462E-03  0.13561128E-03  0.21518164E-03  0.12182702E-04
  0.67742409E-03 -0.22320741E-03  0.11800136E-03  0.37332330E-03  0.66174752E-03
 -0.36735953E-03  0.14607588E-05  0.20448339E-03  0.14741752E-03 -0.77477261E-04
  0.10787013E-03 -0.13016216E-03  0.93403189E-04  0.25313352E-03 -0.30987639E-04
 -0.16058263E-03 -0.22078302E-03 -0.47676346E-03  0.15368951E-03  0.46288480E-04
 -0.47157917E-04  0.18509961E-03 -0.24536800E-03 -0.23545104E-03  0.30207862E-03
 -0.23317234E-03 -0.60224521E-03 -0.18135435E-03 -0.11273953E-03 -0.23483570E-03
 -0.43643609E-03 -0.16732738E-03  0.15731230E-03 -0.22864404E-03  0.30878928E-03
  0.43842656E-03 -0.32282106E-03  0.12778991E-04 -0.13610528E-03 -0.11835683E-04
  0.94642181E-04  0.32827145E-03  0.11408806E-03  0.86122010E-04  0.56889995E-04
  0.72505838E-04 -0.28541942E-03  0.23663254E-03  0.16254319E-03 -0.26774699E-03
  0.27727593E-03  0.88668384E-04 -0.20922105E-04 -0.14406278E-03 -0.16298632E-03
 -0.30020807E-03  0.27163423E-03 -0.24541593E-03  0.78958358E-04 -0.26210729E-03
 -0.20251637E-04  0.14061614E-03 -0.12636541E-03 -0.58948604E-04 -0.20795794E-03
 -0.13302248E-03 -0.14938113E-03  0.42636254E-03 -0.16080954E-03  0.42207537E-03
 -0.16853495E-03 -0.24885813E-03  0.26753666E-03 -0.11549012E-03  0.68780974E-04
 -0.81475522E-04 -0.23889543E-03 -0.18617165E-03  0.17619525E-03 -0.15331635E-03
  0.39859044E-03 -0.16533859E-03 -0.91488581E-04  0.10058441E-03  0.15969355E-03
  0.42298000E-03  0.29809437E-03 -0.24122673E-03  0.26470669E-03  0.12252322E-03
  0.27180081E-03 -0.24807771E-03 -0.85672286E-04 -0.22976898E-03  0.20912634E-03
 -0.26242890E-03 -0.22102176E-03  0.66120234E-04 -0.34257609E-03  0.38725227E-03
 -0.46991181E-04 -0.16114556E-03  0.35920774E-03  0.12796885E-03 -0.58678817E-04
 -0.85708688E-04 -0.67201534E-04  0.15423133E-03  0.20283830E-03  0.29353622E-03
  0.34807461E-04 -0.26348766E-03  0.26945928E-04  0.44996318E-04  0.63009448E-04
 -0.66536265E-04 -0.18655652E-03  0.41746115E-03  0.35466693E-03  0.29229235E-04
 -0.33254532E-03 -0.10762324E-03 -0.32598104E-04  0.82676281E-04 -0.57560326E-05
 -0.17503855E-04 -0.11672275E-03  0.64796143E-04 -0.94607615E-04 -0.70862855E-04
  0.93075017E-04  0.14107434E-04  0.10751108E-03  0.24520664E-03  0.30642839E-03
  0.13319451E-04  0.15857126E-03  0.26905791E-03 -0.12940695E-03  0.12945279E-03
  0.17860250E-03  0.70774640E-04  0.18060697E-03  0.11223411E-03  0.58407256E-04
 -0.25806215E-03 -0.27228219E-03  0.32642158E-04  0.12337785E-03 -0.30326684E-05
  0.85294079E-04 -0.11457540E-04  0.40449732E-03 -0.20125230E-03  0.21410392E-03
 -0.22593874E-03  0.12007648E-03  0.32319570E-03 -0.36598639E-04  0.62990319E-04
 -0.15798420E-03  0.12753228E-03 -0.11239679E-03  0.28144301E-03 -0.16965313E-03
 -0.68769048E-04 -0.17508774E-03  0.30926044E-04 -0.22979876E-03  0.30789221E-05
  0.31537093E-03  0.22933042E-03  0.51487967E-04  0.34251625E-03 -0.90955920E-04
  0.72861993E-04  0.24618172E-03  0.60811177E-05  0.22598234E-03 -0.22308357E-03
  0.27414485E-03 -0.25096557E-04 -0.18011324E-03 -0.14654762E-03 -0.76942370E-04
  0.20427578E-03  0.28756617E-03 -0.13364652E-03 -0.30250238E-03 -0.16817233E-03
 -0.26541130E-03  0.25608398E-03  0.11121217E-03 -0.11927711E-03  0.13990501E-03
 -0.49107235E-04 -0.11592689E-03 -0.94056607E-04 -0.10241631E-03  0.18418135E-04
  0.53564447E-03  0.19489734E-03  0.26057723E-03 -0.17398742E-03  0.28416957E-03
 -0.14744763E-04 -0.29577861E-04  0.29387786E-03  0.74815637E-04 -0.21532427E-03
 -0.11674150E-03  0.23157243E-03  0.94143511E-04 -0.23774691E-03  0.13299482E-03
 -0.62676404E-04 -0.20305337E-03  0.31904296E-03  0.25308499E-03 -0.69347780E-04
  0.41590629E-04  0.47959475E-04 -0.11141023E-03  0.16229711E-04 -0.23114036E-03
  0.20327951E-03 -0.92413152E-05  0.34272394E-03  0.28379067E-03 -0.83809305E-05
  0.20499639E-03 -0.68480773E-04  0.30496704E-04  0.23623516E-03 -0.11987019E-03
 -0.20222912E-03  0.68628924E-04  0.20148853E-03  0.13784512E-03 -0.70262547E-04
 -0.95551610E-04  0.38866381E-04  0.55359847E-04  0.52063607E-04 -0.17058579E-04
 -0.16368115E-03  0.23078738E-03  0.57065290E-04  0.98600472E-04  0.22513395E-03
  0.46928251E-04 -0.22800748E-03 -0.14284987E-04 -0.11359174E-03  0.27254740E-03
  0.15053696E-04  0.20532228E-03  0.19112495E-03 -0.28303432E-03 -0.20492886E-03
 -0.72156620E-04 -0.36639008E-03  0.16071546E-03  0.88801598E-04 -0.13311902E-03
  0.13987174E-03 -0.16667279E-03  0.51950672E-04  0.11406219E-03  0.83688387E-04
  0.32289777E-04  0.86038063E-04  0.27241854E-03 -0.20206606E-03 -0.19378139E-03
  0.88728128E-04  0.33474291E-03 -0.28624243E-03  0.26895972E-04 -0.17816353E-03
 -0.16990293E-03  0.48856930E-05 -0.32748179E-03 -0.22346977E-04  0.10308518E-04
 -0.18907669E-03 -0.18868241E-03 -0.12629706E-05 -0.91687871E-04  0.81707499E-04
  0.18803506E-04  0.32702197E-05 -0.30886181E-04  0.38482501E-04 -0.10524437E-04
  0.14227742E-03 -0.12485194E-03 -0.24060231E-04  0.44864661E-03 -0.11373267E-03
  0.22400781E-03 -0.60270671E-04  0.61312703E-04  0.26382312E-04  0.64187074E-04
 -0.57490041E-04 -0.29988588E-04 -0.21408558E-03  0.13654287E-03 -0.81285559E-04
  0.25618395E-04  0.59055144E-04 -0.39238641E-04 -0.69559550E-04  0.20345462E-03
  0.27473860E-05  0.30967491E-04 -0.12031212E-03  0.23292744E-04 -0.85263942E-04
 -0.27632650E-04  0.58834502E-04  0.84739415E-04 -0.20348933E-03 -0.11344263E-03
 -0.57870665E-04 -0.11166342E-03  0.24380599E-03  0.68479525E-04 -0.49274385E-04
 -0.17218309E-03  0.78420023E-04 -0.67547238E-04 -0.16819242E-04  0.12252404E-03
  0.10109487E-03  0.65443679E-04 -0.13121588E-03 -0.20593172E-03 -0.27080166E-04
  0.79358662E-04 -0.87778087E-04  0.11403580E-03 -0.73285161E-04  0.15202250E-03
 -0.17569665E-03  0.81644669E-04 -0.21633970E-03 -0.14390172E-03  0.78733627E-04
 -0.48062142E-04 -0.19914688E-03  0.47649175E-04 -0.95895822E-04  0.62507390E-04
 -0.11388626E-03 -0.26981448E-04 -0.35716579E-04 -0.36553838E-03 -0.10219949E-03
 -0.21788843E-03 -0.17513151E-03 -0.29643936E-03  0.48192734E-04  0.82504175E-04
  0.29013286E-04 -0.93175591E-04  0.16857255E-03  0.77414065E-04 -0.30421256E-03
 -0.52250033E-04  0.37959250E-04 -0.60303760E-05  0.39863800E-05 -0.15276849E-03
  0.14984735E-03 -0.54316260E-04  0.75534322E-04  0.17058514E-03  0.11289874E-04
 -0.43224005E-04  0.28896016E-04 -0.80480341E-04 -0.44948400E-04  0.10829494E-03
 -0.17084000E-04 -0.19737115E-04 -0.12487074E-03  0.10624252E-03 -0.17578861E-04
  0.96267887E-04  0.23523005E-03 -0.11412503E-03 -0.31329317E-04  0.25066771E-03
 -0.67486349E-04 -0.96417277E-04 -0.39253959E-04 -0.24281890E-03 -0.82259288E-04
  0.13782621E-03 -0.12340514E-04 -0.73255203E-04 -0.15825583E-03  0.81160570E-04
 -0.64936015E-04 -0.33875676E-04 -0.24649018E-03 -0.20795564E-03  0.10649417E-03
 -0.90999661E-04 -0.80437321E-04  0.74338174E-05 -0.89934103E-04 -0.94695253E-04
  0.56533949E-04  0.41564045E-04 -0.48899076E-07  0.92580864E-05 -0.52810182E-05
 -0.27974531E-03 -0.95116495E-04  0.46113246E-04  0.91280091E-04  0.38952604E-04
  0.34627344E-04  0.75079949E-04 -0.54122306E-04 -0.55522516E-04 -0.20237058E-04
  0.33146070E-04 -0.21381245E-03  0.90955369E-04 -0.12516525E-03 -0.13706008E-04
 -0.40696603E-04  0.18734660E-03 -0.93144131E-04 -0.43259426E-04  0.72464823E-05
 -0.20375913E-04  0.65737030E-04  0.13627065E-04  0.48378807E-04  0.15361992E-03
 -0.90856917E-04 -0.23533098E-03 -0.15971545E-03 -0.39604377E-04 -0.16605130E-03
 -0.82154278E-04 -0.15377501E-03  0.43603089E-04 -0.91866003E-05 -0.55577758E-04
 -0.65433413E-04 -0.93907512E-04 -0.21831691E-03 -0.21437551E-03 -0.10532742E-03
 -0.94574794E-06  0.90329842E-05  0.22671120E-03  0.32094563E-04  0.10351930E-03
  0.95379459E-04  0.78404235E-06  0.40476774E-04 -0.29569788E-05  0.70101343E-04
  0.36588177E-04  0.41859758E-04  0.10454988E-03  0.96692756E-04  0.72522745E-04
 -0.27003967E-04 -0.90182094E-04  0.22917708E-03 -0.20844986E-03  0.46311452E-05
 -0.32633225E-04 -0.87129600E-04  0.54937311E-04  0.10696007E-03 -0.10110343E-03
 -0.19037468E-03 -0.18255663E-04 -0.40538070E-04 -0.14506037E-03  0.16257126E-04
 -0.12661711E-03  0.44542132E-04 -0.73111660E-04  0.74104199E-04 -0.25430266E-03
 -0.12135466E-03 -0.32771719E-04 -0.16395360E-04 -0.18188398E-03 -0.38894035E-04
  0.23767287E-03  0.76771239E-04 -0.31564841E-04  0.50573343E-04 -0.86440466E-04
  0.12834764E-03 -0.21034860E-03  0.98847996E-04  0.12704446E-04  0.61039358E-04
 -0.26949867E-04  0.16286218E-03  0.86896611E-04  0.15987582E-03  0.11160159E-03
 -0.16218840E-04  0.53810715E-04 -0.52466567E-04 -0.89381894E-04  0.46398345E-04
  0.14125672E-03 -0.31220498E-04 -0.16465948E-03 -0.69592764E-04 -0.15965375E-03
 -0.57468193E-04  0.43343790E-04  0.95844766E-04 -0.19351218E-03 -0.18996873E-03
 -0.69575497E-04  0.16007387E-04  0.35331353E-04 -0.17178521E-04 -0.23484022E-04
 -0.65305591E-04 -0.54238066E-04 -0.78801949E-04  0.25126309E-04 -0.11903438E-03
  0.74433861E-04  0.53408777E-04  0.13059607E-04 -0.25998696E-04 -0.12649218E-04
  0.97031836E-04  0.11227027E-03  0.55499318E-04 -0.84583401E-04  0.66964899E-04
 -0.37638799E-04 -0.50147085E-04  0.25153922E-03 -0.85205324E-05  0.19189923E-03
 -0.56712307E-04 -0.58007825E-04  0.61810026E-04 -0.65310818E-04  0.14077370E-03
  0.84046073E-04  0.10975492E-03 -0.67727080E-04 -0.33893672E-04  0.59946836E-04
 -0.12275474E-03 -0.10941207E-03 -0.14117110E-03  0.95687928E-04 -0.33298776E-04
  0.18316455E-03 -0.86806341E-04  0.12553194E-03 -0.89408122E-05 -0.10580407E-03
  0.66631612E-04  0.23599275E-04 -0.10435500E-03 -0.58477932E-04  0.17704731E-03
 -0.85787563E-04  0.90986141E-04 -0.55781609E-05 -0.13010292E-03 -0.29175063E-04
  0.18366405E-03  0.16325840E-03  0.58075803E-04  0.12227171E-03  0.57391112E-04
  0.88978039E-04 -0.10681480E-03  0.57267120E-04  0.21009107E-03  0.51892753E-04
  0.31350070E-04 -0.84189132E-05 -0.87513570E-04 -0.14278473E-04  0.76628926E-04
  0.96598821E-04 -0.41393603E-04 -0.13341417E-03 -0.93061003E-04 -0.23098784E-04
 -0.86263102E-04  0.76013441E-04  0.41154578E-04 -0.10800329E-03 -0.54206103E-04
 -0.12670734E-04  0.54174944E-04  0.14792272E-03  0.69443495E-04 -0.53516328E-04
  0.67287681E-04  0.83093664E-05  0.14695064E-03 -0.10804228E-03  0.84525390E-04
 -0.18795337E-04  0.73093624E-04  0.98046005E-04  0.43117537E-04 -0.18348706E-03
  0.19459005E-04  0.19187063E-03  0.20214318E-05  0.65858349E-04 -0.13953277E-03
  0.31887047E-04  0.10101269E-04 -0.10756560E-04  0.16026442E-03  0.45748571E-04
  0.11425469E-03 -0.33289071E-05  0.32599858E-05  0.11258992E-03  0.99854319E-04
  0.97378678E-04 -0.10777410E-03  0.92530951E-04 -0.74147300E-05  0.88148006E-04
  0.13903374E-03 -0.11781390E-03 -0.88952343E-05  0.14161935E-03 -0.66478057E-04
 -0.11898214E-03  0.11186428E-03  0.11749370E-03  0.30691250E-04  0.15632263E-04
  0.11926265E-03 -0.14708575E-03  0.20328255E-04 -0.49882117E-04 -0.36210223E-04
  0.26571320E-05 -0.95833077E-04 -0.76242541E-04  0.29163081E-05  0.71859231E-04
  0.78139183E-04  0.11049788E-03  0.67993060E-04  0.15327623E-03 -0.68005327E-05
  0.88823356E-04 -0.15557517E-03 -0.21003890E-04 -0.52605820E-04  0.11141844E-03
 -0.58348830E-04
