   143.9000       41.89000       288.4400       42.51000
  2.8700233E-03  -35.03333       136.5913      -28.80198    
   161.6152       35.08563       69.27500      -2.165165    
   157.9125      -28.27980       114.3452      -20.77087    
   44.15623      -32.74463       32.75999       25.60380    
   168.8912      -6.219973       15.38947      -28.24020    
   6.141882       36.80189       89.78743      -8.204625    
   178.6789      -36.29410       35.76202      -31.96852    
   141.7458      -38.42282       97.66573      -15.17802    
   68.46724       26.70369       144.2361       43.30995    
  0.2438133      -37.89016       58.61762      -25.63349    
   91.24889      -15.38854       147.0881      -3.089459    
   98.29413       27.48616       53.37931       41.45298    
   160.5785       32.35258       169.7333      -13.79051    
   36.08664      -8.647630       4.084534      -39.37474    
   2.652744       8.228727       90.00877       28.65564    
   142.9544      -5.604910       19.32900      -18.35362    
   57.95328       33.58786       168.5193       38.15723    
   113.5474      -3.803179       146.2973      -14.42731    
   89.45138       21.86713       12.04554       35.84353    
   4.569045      -43.53359       66.95255      -14.79693    
   151.3758       37.01093       166.0146      -4.798375    
   12.07461      -34.35549       170.2880      -10.09678    
   159.5426      -28.73619       71.03337       41.58807    
   103.3330      -35.11595       62.64182       44.80477    
   32.24820      -17.66154       80.48425       16.11570    
   40.25033      -44.59428       65.07389      -5.620370    
   43.72379      -20.04133       21.18321       23.91524    
   137.1534      -38.22269       25.10067      -13.22789    
   174.3530       37.27474       67.72021       4.208086    
   166.2540       28.66932       52.14451      0.1380962    
   86.22641      -13.14858       150.9305      -36.47555    
   170.4176      -10.60039       73.00596      -35.48190    
   91.91994      -21.49517       70.40251       3.413084    
   146.4168      -5.333895       17.06767       21.23185    
   94.57098      -27.74857       58.64662      -8.214812    
   32.67231       40.51768       22.37446      -7.449433    
   100.3096       1.183251       101.4692       39.21249    
   61.27177      -13.38678       7.281025      -3.506682    
   63.76893       36.35845       34.45130      -9.740700    
   29.58387      -23.05824       150.7345      -2.239596    
   136.4729     -0.3460264       170.3885      -28.31722    
   165.7157      -35.75708       58.93944      -9.703036    
   12.14018      -7.830350       41.06869       25.02559    
   175.0950      -26.55137       16.79839       29.95456    
   113.1326      -11.83429       84.36480      -41.86880    
   59.43023       24.60301       120.5950       31.21875    
   145.5120      -17.68540       25.09757      -30.52093    
   129.2299       18.34609       161.3188       1.493213    
   79.05335       4.854004       111.8989      -13.26960    
   173.1872      -37.45657       15.39746      -20.37711    
   76.51369       8.982841       41.73702       14.53607    
   172.3860       38.94034       110.1012       18.61940    
   115.5409       12.83526       126.1777       42.38198    
   151.6441      -3.101347       75.88583      -14.66350    
   43.23645      -23.86343       162.9811       41.55521    
   58.26698       37.68376       49.66640      -18.15683    
   61.32239       34.16265       10.21008       15.00371    
   152.5378      -17.79906       162.1383       22.60787    
   96.08110       34.78665       167.9505      -4.147349    
   123.4296       6.569781       66.37701      -21.76486    
   156.5967      -4.564943       38.18978       37.95881    
   63.16477       25.35091       113.8973      -5.459036    
   10.32904       6.185050       21.02560       40.05994    
   150.0191      -6.030893       34.68947      -18.60145    
   23.47563      -16.69295       138.8521      0.4411000    
   2.809700      -31.19474       110.6136      -8.231925    
   8.930894      -37.88219       79.09483       5.575486    
   56.35871       8.200720       1.055592      -16.83751    
   149.6836       41.86900       30.63960       9.831219    
   54.69302       33.25013       135.8857       37.54237    
   138.4281       38.22775       133.8965      -12.82947    
   131.6868       17.46940       18.80452       37.70267    
   140.7383      -14.86800       53.92717      -12.77602    
   135.2663       35.83869       54.75075      -31.96563    
   1.803783      -43.97893       108.6340       5.739691    
   59.17795      -6.779675       99.37229       29.66127    
   97.72878       14.44109       14.01239       29.40756    
   150.3180       22.15184       100.5593       29.95166    
   72.39346       24.02546       79.46484      -14.94155    
   113.8778       37.85033       20.17823       43.23849    
   28.53596       35.57322       103.0378      -25.08603    
   116.4478       7.165087       40.56306       16.15817    
   147.0019      -25.09931       81.99476       2.400496    
   129.1044      -20.50224       71.75552       10.01667    
   113.0700      -23.33580       148.3516       43.82814    
   121.6949      -23.86442       27.18187      -8.298969    
   107.0249       16.79663       142.3952       13.58853    
   142.5865      -1.019620       2.185443      -20.13964    
   121.0944       2.538877       165.1664      -28.73690    
   151.9030      -13.22091       59.71605      -39.64490    
   67.32331      -9.270803       139.0820      -23.91882    
   72.37019       26.23911       47.71198      -30.17510    
   22.44290       29.45922       87.76451       31.16930    
   121.6977      -16.61581       174.2946      -10.44091    
   49.85031      -21.56392       113.1927       7.948399    
   147.0389     -0.8306748       2.970506      -26.88256    
   166.0301      -4.827778       90.10549      -32.81124    
   11.38858      -8.758743       134.1953       13.62805    
   21.42392       13.07206       78.04552       15.69842    
   178.1850       3.267569       25.61723       15.89790    
   14.93360      -19.49754       78.79234       30.76347    
   73.61106       8.052813       89.35845       34.64973    
   154.8142       15.28476       95.35416      -10.17396    
   119.0453       33.19585       18.16525      -22.26445    
   109.9237      -28.92969       159.7224       5.335826    
   70.25735       2.171672       20.91878       20.75913    
   134.1629      -31.81991       150.0303       23.53378    
   19.11888      -25.22081       37.75084       4.595858    
   92.14729       43.88978       175.8442      -17.73547    
   127.4221      -31.79468       36.43523       37.26097    
   145.2772       18.53019       33.17615      -12.36063    
   124.0805       20.87875       98.85970      -41.35507    
   43.22058      -35.27657       15.06905       4.569444    
   43.88634      -44.98495       98.17666      -1.782553    
   91.40204      -7.155334       46.47318      -30.73993    
   117.0617      -3.448768       143.5466       38.69196    
   178.3704      -40.69603       2.518003       8.772047    
   82.80984      -41.76247       106.2787       21.62651    
   72.14437       13.73359       21.36852      -21.14254    
   2.532001       44.94271       6.386506      -17.99860    
   14.75096       28.00951       167.4645       36.79340    
   175.2119      -16.55233       123.7290      -33.41895    
   123.5975      -11.01483       62.62780       7.924924    
   62.99791      -9.584562       176.6885      -37.29234    
   20.85923       22.72682       147.5141       29.58832    
   101.1723      -10.06893       48.85650       26.03299    
   15.59184      -20.11795       57.34789      -20.05496    
   28.29301      -31.25571       149.0678      -12.80015    
   43.36787       40.18073       95.30368       36.97752    
   50.63868      -3.516671       123.5158       30.05011    
   171.5344      -16.78183       101.5484       1.009948    
   5.477647       9.621283       34.93678       19.71600    
   39.21423      -25.33959       10.05452       13.10938    
   13.77906       26.43869       77.54250       6.981930    
   119.1894      -3.856046       43.92617      -11.53120    
   14.08012       41.48013       130.9980       39.46191    
   158.7097       26.68122       99.90391       41.24793    
   97.10001      -40.76560       111.2151     -0.7852006    
   163.0751      -25.59428       107.3758      -37.52984    
   152.2157      -43.83763       8.168055       20.71582    
   142.6046      -4.635082       68.73952       32.24331    
   17.25758      -43.52320       62.74480       20.72598    
   134.9758       29.55808       64.75137       43.79256    
   67.70570       39.83009       78.32141      -33.54815    
   95.37659      -40.86805       178.9127      -17.35836    
   21.93259       37.75625       162.1247      -1.564474    
   156.1666       1.307395       150.2744       38.10312    
   19.68453      -1.755007       116.2610       2.449377    
   42.45572       43.35490       88.99449      -4.809131    
   145.9668       25.74179       109.0275      -10.28697    
   167.2428      -12.56308       32.28286       16.05193    
   51.25289      -3.785053       130.0160      -44.55551    
   21.46483      -6.286636       166.4031      -12.70926    
   177.5649      -22.55143       139.3966       10.87194    
   177.6082       42.82202       97.73705       31.66836    
   30.88258      -12.26595       36.91171       24.17670    
   90.51447       39.79537       142.0426       8.473404    
   48.95697       4.984488       136.9888       2.487684    
   117.2589       5.277648       133.7164       31.77755    
   65.83552      -16.53235       3.843900      -26.07401    
   78.88563       30.23680       41.41867       29.37034    
   62.36497      -29.40210       62.53720       11.30901    
   60.23093       20.40981       120.3421      -22.44115    
   74.81847      -1.703761       175.4874       12.55592    
   60.27547       37.52988       33.32438       4.850963    
   52.00583       43.92664       49.23372      -14.02169    
   140.8722      -43.85703       27.91441      -39.09298    
   63.68153      -29.19559       149.3904       30.20105    
   142.7158      -10.52847       107.2133      -13.79618    
   152.9179       39.85800       153.8490      -25.90390    
   176.3439      -35.41568       59.11673       27.17348    
   60.18018      -31.77106       60.23827       5.355964    
   151.9171       27.22515       176.8109      -14.97865    
   68.84426      -20.40815       109.4539       37.03194    
   7.632309      -44.40777       88.51743      -12.20160    
   105.0179      -22.08631       130.4969       5.724478    
   117.8565      -32.53675       127.0407       42.87629    
   35.05855       18.37173       103.6945       9.219992    
   41.17604      -26.69917       119.7704       14.27157    
   175.6532       7.646565       130.9836      -11.49751    
   166.0081       38.73302       91.74561       44.34491    
   47.46100      -16.40995       171.2560       34.14034    
   167.7740      -13.59128       17.78176      -20.12468    
   26.31865      -15.73175       77.76682      -32.95201    
   5.636235       27.22818       55.66025      -37.49066    
   164.0076      -43.62053       116.6055      -6.377333    
   57.79655      -9.051549       7.380291       23.58531    
   116.5842      -26.95285       176.2284       5.256100    
   37.35781       36.16389       156.4734       33.33254    
   1.272359       40.98789       174.0551       42.22126    
   89.74763      -40.33843       80.38024       4.445579    
   133.7047      -14.84818       91.89033       30.03337    
   21.01016       44.15343       56.82415      -28.40998    
   130.8276      -28.62638       118.6437       35.94354    
   30.68624       9.575121       137.6955      -22.53846    
   131.7189      -35.52053       154.1015       14.85744    
   107.4956      -19.63090       17.14309       30.38493    
   163.5440      -31.69788       88.51653      -43.26118    
   77.35196      -40.03658       17.81506      -33.52741    
   80.20221       31.80959       43.10845       31.00167    
   39.03199       35.76652       165.0237      -36.73112    
   146.3324       35.07356       21.96710      -23.58434    
   16.35382      -18.63215       101.3790      -31.69706    
   71.10102      -39.10664       136.6661      -42.33715    
   101.3107       24.88523       46.89495       36.41230    
   18.61019       39.30766       90.73196       33.33103    
   151.3132       22.66109       67.74885       8.577688    
   54.88242       40.44696       150.8753       25.72150    
   7.361652       6.286937       54.75639      -16.47845    
   69.73290      -30.26104       31.51460      -23.90455    
   78.72576      -31.47874       119.2343       24.49816    
   36.74680      -33.11374       163.4131       10.66194    
   148.1512       16.45110       111.4839      -26.35477    
   173.7152       27.93501       136.8135       35.98007    
   144.3557      -30.70157       16.11156       28.43425    
   159.3514      -8.578986       125.3258      -23.12410    
   53.63458      -3.886183       20.95964     -0.1684642    
   38.92002       17.55907       164.2041       31.58108    
   156.6868      -24.22853       128.5228       33.13387    
   95.27779       38.17473       11.58266      -19.07083    
   162.6330       12.88713       92.66898      -19.39485    
   44.42279       44.80973       175.9775       20.67988    
   166.5953       3.111126       15.42220       28.48821    
   29.83989      -42.20372       171.8087      -31.60855    
   9.002964       35.14339       127.2389      -6.370901    
   54.95452       24.70566       80.43958      -4.854257    
   32.75402      -1.893269       97.10772      -43.53456    
   112.7613      -36.14958       19.76633      -41.02527    
   60.83471       18.21197       174.5690      -21.58853    
   134.0470      -7.592636       118.3614       43.49479    
   152.2425      -13.30081       2.889879      -36.67329    
   35.68218      -14.56981       25.07335       27.83112    
   4.790346      -8.421686       74.97959       13.57335    
   6.103142       41.44460       84.13614       27.07449    
   65.19653       22.96602       70.47118      -41.74403    
   86.23929      -15.84436       2.152176      -5.254845    
   135.6268       44.57914       3.547189       19.78258    
   55.74390      -12.49974       141.1315      -40.37464    
   79.35895      -2.369383       28.12999      -22.50763    
   70.16001       42.07921       88.60594       1.874424    
   178.3352      -2.590778       45.14880      -32.99128    
   159.2000       41.80443       110.4967      -19.05305    
   100.3867      -22.08911       104.7839       40.10295    
   150.6676       13.03647       22.64007       36.49806    
   59.11502      -32.22181       73.60292      -4.456184    
   121.6144      -28.32899       159.4849       36.70536    
   74.99509       11.95189       139.5848      -23.11050    
   131.2949     -0.9672099       41.88444       3.901144    
   65.92439       9.776453       49.62157       44.81182    
   104.7461      -12.83139       47.87934       21.58407    
   150.3341       42.48050       81.08284       13.79546    
   107.9305      -36.48471       163.5436      -44.19408    
   88.86304       20.03227       167.4428       3.212219    
   14.76862       11.17129       129.8545       19.78428    
   110.8520      -9.992098       41.47750       2.337888    
   173.5669       9.015580       64.14097      -3.856249    
   15.87167      -22.69659       68.14868       33.63269    
   35.21103       3.708267       62.75920      -18.99773    
   1.732694       7.204440       76.91483      -10.25277    
   10.54522       43.54239       68.60401       6.112449    
   71.21132       11.01101       128.3158       43.56260    
   159.8379      -34.46756       169.8615       29.49861    
   128.4629       22.26090       45.87683      -40.22946    
   13.12999      -13.94487       133.4299      -16.78727    
   70.54303       23.13312       112.6939      -36.45251    
   113.2292       15.68570       40.97949      -12.39287    
   120.5622      -29.51295       49.64157       19.59111    
   66.03394       34.30541       110.2305       8.560555    
   28.06669       29.17772       82.60419       16.51770    
   156.6469       29.67489      0.7702652      -25.55459    
   9.926877      -9.844839       43.77961       28.46125    
   110.1910      -14.98772       76.47832       40.77486    
   87.65268       17.44566       157.7088       6.386232    
   91.15109       8.633167       158.2857      -28.73940    
   101.6860       9.058351       32.81430       21.39774    
   149.8961       41.20763       108.3877       2.181178    
   73.36618      -36.07089       88.65865       32.18373    
   66.34025      -38.37136       7.288034      -30.10728    
   30.44130      -36.57484       134.3568       40.25507    
   107.6704       23.05766       129.4233      -17.60101    
   64.71456       25.83716       143.4451       24.44022    
   58.40143       26.75155       95.75637       8.084811    
   9.694181       9.009052       62.07587       10.64614    
   5.869379       23.68119       41.95668      -7.121877    
   167.8480       35.52491       90.63010       5.520764    
   57.06166       30.02075       75.96544      -40.45958    
   172.0177       29.17975       2.673763       18.07089    
   126.3693       37.06565       163.9875      -20.62580    
   102.5542       9.692414       140.6123       20.14022    
   166.8877      -14.73186       139.8041       31.16357    
   82.86343       19.27643       157.0486       27.79559    
   137.5272      -18.04055       104.3598      -15.81266    
   60.85405      -30.13120       146.6567      -43.86149    
   131.7296      -25.29501       48.13667      -41.84912    
   103.5167       43.24748       10.45846      0.5231863    
   1.927984       38.98922       23.37197      -16.55001    
   126.5001      -11.32372       54.30711       41.59851    
   104.8018       31.84736       41.12841       29.46375    
   173.9225       24.84132       99.70644       23.58284    
   136.2029      -20.07770       36.81999      -11.40118    
   153.2640       1.153130       81.27759       27.06029    
   165.3991       41.23109       110.3367       4.223669    
   158.8945      -35.39130       7.191222       27.98444    
   124.3685       33.62560       161.6227       26.00055    
   34.46655      -20.27767       132.2869      -19.95382    
   5.803881     -0.7945454       132.9308       21.86467    
   31.91179     -0.2712357       62.27042       16.59908    
   34.18290       29.28030       32.62705     -0.9319067    
   58.52710      -18.73240       113.4298      -40.00747    
   78.11580       26.10987       15.64531       36.41977    
   44.71973       6.369238       83.47785       26.16652    
   99.99329      -4.534070       162.3667       34.20487    
   106.2897       41.77199       128.6920      -31.00787    
   4.908166       33.10007       107.8937       35.51935    
   58.60604       22.47643       118.8956      -37.63332    
   78.62173      -43.93041       150.2420      -7.538777    
   177.4455      -28.50416       81.62073      -26.64505    
   35.74448      -11.19648       170.4148      -16.19615    
   6.038710      -35.91595       72.57732       18.86422    
   95.80773      -8.316822       160.3420       9.618649    
   30.71518       24.52756       137.2784      -19.37348    
   115.4673      -23.83974       15.83265      -27.55701    
   60.07817       25.93776       1.065141       44.91814    
   31.97312      -30.69581       91.99383       24.30087    
   142.7624      -12.89477       112.0318       10.46409    
   31.43550       19.61546       10.82112      -5.180252    
  0.5422210      -24.81170       30.65861       39.83999    
   6.496121       8.640554       98.75029       28.84004    
   88.79073       28.97114       165.0905       34.30214    
   18.82290      -43.61922       117.1820       34.74745    
   152.5375      -30.62815       78.94415      -7.520324    
   27.48429      -35.99661       90.33977       2.887414    
   79.39417      -39.55992       160.5762       44.30996    
   79.59852       37.06997       41.45589      -28.37179    
   7.729784       10.75031       116.9277       23.53427    
   86.39674      -37.78416       122.2419      -18.95326    
   24.32815      -20.71013       153.5732       27.78885    
   106.4001       7.464727       32.98841       37.84921    
   1.229853       4.908276       49.29525      -37.47017    
   115.7527      -11.40593       37.68714       42.79505    
   152.2344      -26.38005       102.1675      -11.60040    
   173.2097       22.81327       29.21308      -29.71906    
   18.35046       19.63550       78.32988      -9.214520    
   174.4138      -12.86818       5.276938      -30.33590    
   128.5272       5.308419       64.60413      -29.39533    
   97.82671      -4.468668       17.14395      -29.35441    
   150.2380       36.17249       85.60872      -44.16886    
   113.3450      -13.31196       81.77837      -42.25714    
   171.7467      -22.46253       1.430861      -34.75433    
   155.8953       28.85071       88.91833      -39.79406    
   38.23632       34.17123       115.9965      -4.128204    
   68.39197       22.61624       171.3605      -25.88958    
   174.9250       10.68750       79.80142      -26.28203    
   142.3611     -0.4586899       87.47386       17.54786    
   57.23584      -41.18890       136.6637      -36.69878    
   114.1818      -24.42347       20.69790      0.3230935    
   81.32100       4.572887       158.8867      -37.75166    
   111.4790      -16.76561       1.638122      -37.15910    
   65.98551      -27.33476       160.1364      -20.12993    
   22.07816      -36.86777       169.2243       39.36777    
   115.1737       40.17248       36.38032       20.11032    
   149.5233      -35.08976       80.93114      -34.33138    
   82.01771      -10.32362       145.8900      -31.12958    
   140.4494       31.73662       43.30498       15.70830    
   102.7615       8.914434       132.0927      -15.41077    
   137.3736      -43.25377       21.76016      -10.08728    
   52.40472       36.16212       93.07500       40.95251    
   148.0168       28.33275      0.1447388       31.51054    
   133.1656      -16.88952       165.0055      -36.69923    
   52.09687      -34.57895       82.97522       31.41960    
   169.1486       22.36729       162.5588      -44.36592    
   110.2304       4.366207       49.45401      -13.93504    
   52.13989       19.71379       93.36997       24.40673    
   7.731811      -8.828679       14.30045       43.02858    
   12.20521      0.6669205       57.14148       11.79996    
   171.2391      -11.41518       20.14525      -21.95387    
   66.22032       26.99964       165.5598       41.71076    
   130.0760      -27.85272       70.78706       38.12798    
   33.26370      -32.09121       114.4097      -28.52415    
   21.16445       2.211213       82.23348       12.85284    
   35.63506      -30.83927       75.25526      -43.19931    
   162.8028      -31.95887       35.10133      -25.69817    
   155.6193      -17.22887       88.07575       39.59519    
   30.93859       42.91459       105.2096      -24.34590    
   116.1356      -35.16293       52.95225      -29.32996    
   128.5296     -0.8973008       158.3941      -44.61395    
   129.4679       2.225563       84.38404      -4.154479    
   38.53082       1.513844       49.34221      -26.89738    
   99.06578       4.982734       74.74181       36.20105    
   69.76560       25.11268       144.6997       32.44095    
   137.1050      -9.741279       128.8648       29.76605    
   171.8417       36.35399       137.3050       5.669289    
   70.98875       21.76151       1.432984       38.90289    
   157.2115       15.08765       47.62057       35.07301    
   124.8635       35.57318       97.97157      -13.89693    
   95.50304       30.53349       165.1158       11.33428    
   143.3179       18.15917       81.89287      -25.78608    
   72.71995       22.11990       9.542603      -34.88292    
   32.72856       13.81481       80.78622      -27.32594    
   119.4103       18.36309       170.6904       13.44761    
   115.8897      -22.07143       27.45386      -12.69667    
   53.46835      -16.47497       10.56926      -21.43551    
   32.26415      -3.921094       57.54167      -40.36806    
   126.0215       17.18283       32.39771       44.20001    
   10.90557      -42.65543       54.44032      -12.46396    
   43.57648      -5.672309       68.57954      -33.75631    
   140.6365      -41.56094       45.51658      -40.88805    
   115.7736      -6.099681       71.97588       12.40747    
   73.36714      -2.602971       160.3755       4.454087    
   128.5709      -7.600592       99.57681       21.84309    
   111.1392      -24.65179       160.6036       7.118202    
   177.9247      -37.87709       64.52100      -36.05445    
   20.55650       39.84452       92.88433      -10.46875    
   77.98694      -38.76754       178.9955      -20.73787    
   101.4714       27.21458       157.2648      -23.60816    
   145.8049      -15.77530       1.319944      -16.54711    
   139.5591      -15.58559       108.1514      -14.08901    
   23.31639       33.46926       165.8896      -26.07619    
   137.1807       9.988853       50.51331      -37.63804    
   146.2303      -2.839027       131.9156       44.28357    
   33.96282       36.48816       130.8597       6.562947    
   147.7340       18.66084       81.20241       26.37694    
   67.59517      -18.30574       12.30033      -25.77802    
   105.8513       30.49521       96.93937      -39.79794    
   74.55008       37.91644       149.9039       40.84122    
   74.70582      -43.70522       118.1073       39.77295    
   106.0870       25.24078       21.78429       17.67606    
   104.9816      -22.48568       43.70821      -20.94979    
   166.9595      -42.05175       105.4314       26.35658    
   99.72061      -24.16195       146.9754       42.74968    
   4.858789       28.59406       97.09538      -21.86146    
   50.99829      -24.91530       120.0022      -36.25556    
   139.1203       44.24716       44.12455       37.29768    
   176.6647       35.90057       142.0554       3.722423    
   38.14484       7.254147       103.0829       11.03452    
   136.0046       26.28063       24.19118      -7.286033    
   171.2350       25.54867       71.67069       33.89569    
   32.51443      -42.39207       74.73058       6.222441    
   144.8899      -19.47923       88.75199       33.70358    
   135.2632       19.63404       57.07374     -0.5765462    
   7.198456       9.184919       56.45091      -29.55691    
   96.81683       24.83452       60.57692      -24.26092    
   153.7937       35.72290       80.30956      -20.47674    
   173.7240      -27.86060       62.49194      -30.21294    
   14.37099      -27.59814       137.5087      -30.58591    
   173.7677      -40.13279       47.15115       23.65819    
   105.5642      -40.93733       149.1170      -16.15021    
   51.60594       16.81066       100.6073      -12.74247    
   90.49773     -0.9868759       24.92330       37.43513    
   84.75139      -26.68369       97.51154       30.16252    
   39.81241      -42.23727       38.29202      -11.22817    
   112.9795      -16.61708      0.2449549       1.682577    
   137.0068      -2.352217       59.58597       32.71795    
   61.60546      -35.16578       20.19253      0.1569790    
   174.5176      -6.275280       114.9531       31.48004    
   58.92601      -26.26535       106.4298      -41.34864    
   32.21698      -21.93891       151.4751      -23.71741    
   174.3615      -30.05315       126.6934       42.52077    
   64.42948       25.65350       152.8879      -9.995209    
   151.0046       15.23715       178.8833       41.73391    
   88.51258     -0.2793574       20.36514      -35.80784    
   66.73185      -29.24394       130.6268       17.57234    
   17.99906      -33.62881       113.3636      0.4433531    
   133.8774       43.89370       176.9059       43.70471    
   171.3022       18.64681       123.5315       36.17184    
   174.4693       24.51026       88.74674       31.63599    
   2.983085      -40.05986       40.67936       4.742601    
   90.58118       16.78769       167.8130      -10.01608    
   147.9288       32.97932       166.0116      -18.58310    
   38.00644      -28.96208       6.229370       15.07401    
   143.3240      -39.77310       53.78776       5.750930    
   171.4946       41.39410       127.6746       5.802814    
   138.6307      -38.17044       42.64621      -1.623906    
   78.57870      -8.419991       129.3623       24.84215    
   34.89919      -25.60541       10.26956       10.59004    
   72.38654      -36.14351       137.4569      -30.10774    
   147.1146       16.19007       54.06171      -20.39676    
   62.92624       21.77046       157.5022       32.46923    
   84.04204     -0.9285057       167.6322       9.702751    
   128.3964      -37.61638       77.95866      -30.77989    
   177.3253       27.98026       87.67586       12.52552    
  0.5438854       32.93074       116.0904       15.10111    
   106.6796      -7.346699       71.32877       40.14657    
   56.87682      0.8022487       31.46814      -16.98787    
   79.23844       42.58277       167.4799       31.16864    
   63.11970      -9.912817       13.62776      -7.941468    
   170.5404       25.74655       47.21062       18.67138    
   74.98315      -42.37071       144.6466      -8.798553    
   35.40742      -15.87498       92.77309      -3.857483    
   25.10530      -32.30571       4.200743       36.14137    
   105.8256       37.54830       56.55996      -22.55216    
   163.6035      -36.29102       101.1532       44.43116    
   80.95179      -37.10409       104.5059       17.11647    
   44.78613      -27.90441       130.3756       24.92005    
   175.0755       18.56715       99.32523       15.16913    
   142.5540       39.94016       163.1919      -19.21065    
   108.5907       30.19545       89.10793      -25.41851    
   88.14679      -13.42627       130.5853       16.53534    
   48.83548       16.00557       127.3043       16.52435    
   150.3495       37.15679       153.4970      -7.775005    
   125.7728       21.68262       83.06588       29.60440    
   162.5416      -14.21521       48.82842       40.82018    
   47.07015      0.6649786       148.5286      -18.12402    
   94.30795       17.96857       32.50528     -0.1231402    
   178.7422       3.812325       37.15858      -42.77223    
   119.6132       42.48985       113.6048       7.619367    
   153.3561      -41.55145       95.16025       6.144523    
   2.537399      -37.36829       148.5451       13.38957    
   17.79866       26.77974       29.94709      -9.156219    
   127.5756      -13.21600       18.33702       2.471098    
   161.6068       13.68717       88.67485      -35.21241    
   57.49844      -11.57612       107.8989       35.28859    
   167.7766      -14.52874       118.4331       10.98190    
   67.63511       18.51450       25.92397      -41.82511    
   92.56671       29.01925       150.8658      -34.64471    
   178.0246       10.95950       33.14189      -32.37951    
   68.26035       41.43967       122.3488       3.201673    
   102.7158       42.24189       60.19768       35.96326    
   162.5954      -36.13653       21.82396      -44.99815    
   75.13428      -14.36167       157.1439       8.688587    
   74.32965       33.03624       109.6503       17.99867    
   51.14820      -39.26655       8.287005       11.47165    
   40.47758       17.54866       166.2932       41.64633    
   51.33641       16.83785       77.15817      -19.68585    
   166.1087       23.44198       117.0767      -22.56548    
   178.8183       35.78103       10.54644      -3.943909    
   145.7091      -10.81155       63.99747      -36.91233    
   133.6465       34.07940       29.59442      -16.73760    
   13.76172      -35.52081       116.9565       33.48475    
   145.9508       11.79293       141.9272      -38.11938    
   75.51067       6.874523       43.01952       2.898180    
   169.7259      -1.399743       52.18610       4.312896    
   64.59092      -38.35630       107.4020      -30.28916    
   106.3683      -15.89996       61.22015      -6.439072    
   169.0777      -11.29108       63.40056       23.96663    
   135.3078       37.66882       145.1330      -38.23018    
   70.21447       43.37298       66.26514      -37.06030    
   35.05056       10.96600       31.36121      -40.43382    
   42.64078      -10.16103       104.5972       38.57425    
   119.6324      -9.182151       145.2856       41.12992    
   175.1623      -29.57440       22.56807      -33.55183    
   94.70850      -21.73510       47.12158      -13.57145    
   56.51061      -26.56318       5.541674      -16.88064    
   132.0055       18.48043       178.9498       11.59961    
   76.87282      -29.41316       154.1720       31.77896    
   131.1559       33.48031       73.27609      -14.72551    
   21.20978      -43.47060       127.8097       18.40409    
   74.72756      -8.728826       127.1096       5.227888    
   100.1619     -0.2988249       31.04977       33.82840    
   97.33225       14.18785       130.6440      -16.36746    
   101.3162       35.75256       37.20721       26.12193    
   61.25484       28.35120       28.73447     -0.5583233    
   4.964500       9.396057       62.81112      -16.14127    
   27.86917       10.11162       89.19664      -4.586373    
   137.0203       16.81818       59.47165       22.60932    
   62.50489      -30.59011       112.8195       7.889863    
   18.59659       16.87210       127.5081      -17.51354    
   4.311660       18.12229       27.49986      -35.30235    
   54.24169       19.69612       172.2775      -41.84570    
   98.32849      -38.98085       53.08186      -28.30808    
   168.0011       43.25446       73.74492      -23.39377    
   61.42356       37.85471       83.27885      -44.60958    
   110.8392      -5.414801      0.9205840      -25.19523    
   150.0706      -18.30186       7.881287      -38.14236    
   140.0912       11.30798       112.1154       33.25798    
   140.6517       38.50707       19.87184       23.21744    
   14.28523      -35.73973       114.9784       8.616377    
   178.4424       32.67113       74.12115      -7.489522    
   142.3692       12.47582       154.2221      -28.57791    
   154.2354      -14.67288       7.899264      -43.68567    
   103.7895      -22.86372       21.17060       35.77547    
   141.7417       1.076735       147.3793       31.51817    
   159.6716       38.03432       55.90586       32.11753    
   100.7267      -6.161603       158.3056       31.52423    
   44.13463       27.36777       78.97104       26.36849    
   139.8304      -43.80046       102.1471       2.122770    
   104.8904      -40.76514       175.0156       8.649422    
   63.95407      -14.28599       171.4224      -34.66798    
   25.71160      -36.94044       31.82610      -6.007370    
   16.08205      -6.320481       171.0569      -39.20042    
   142.0369      -9.529229       81.31604       12.36736    
   112.3294      -3.901616       48.98719      -25.73154    
   89.83060      -39.20229       63.51451       20.75409    
   158.2130      -34.64140       96.45416       30.40769    
   75.95499      -43.13876       67.86536       4.798203    
   143.8680       42.83829       5.921274       25.73583    
   6.956029      -39.84771       8.030026      -2.607644    
   147.1268      -9.836573       105.0404       37.09803    
   123.9486       30.09774       91.03926      -5.333621    
   54.31056      -18.57752       88.25218      -43.46474    
   37.43252       20.39405       103.4870       4.075520    
   34.31092      -24.63246       130.9665       26.38480    
   13.66849      -33.16762       101.6634       34.85469    
   166.7108      -36.58516       149.6873      -9.605715    
   175.9255       15.94479       11.43357       23.93743    
   158.2423      -6.367789       115.9435      -44.71930    
   56.66711       7.953839       97.28791       4.203086    
   114.0572      -32.62326       57.99387       3.006611    
   156.5965      -11.69157      0.7795581       27.31449    
   97.99976      -25.05712       149.2985      -11.66400    
   122.7526      -11.72629       63.52200       11.15666    
   88.21582       43.71886       145.6745      -42.86349    
   113.2928      -27.32440       151.0696       24.07889    
   79.05470      -38.38585       165.1274      -33.50180    
   18.92793       3.620328       154.4960       33.05711    
   167.9954       22.80585       83.73980       33.19526    
   115.9724      -31.63970       24.77538       30.54007    
   173.4964      -9.445888       74.27499       25.02979    
   35.02713       7.500341       91.94027      -35.78279    
   106.0224       29.88522       73.96999      -37.49586    
   165.6278      -25.54121       58.17398      -41.68147    
   135.9378       44.85950       31.00983      -3.014991    
   124.5927      -9.133522       23.93292       24.13235    
   84.72984       34.67340       4.700799       31.98206    
   107.5512       20.27747       19.52212       28.36135    
   170.0260      -20.42253       102.1910      -4.215386    
   84.49232      -23.72549       137.5973      -14.55310    
   173.1738       36.16927       1.253571       18.47336    
   102.8767      -40.05051       72.72923      -15.73179    
   72.38390      -37.93859       28.13246      -26.69289    
   87.30999      -3.241058       37.03079       19.21660    
   172.4347       19.92443       31.45057       2.484477    
   14.94023       30.90489       169.1805      -42.71938    
   40.45116      0.1882857       178.5037     -0.3094250    
   59.03510      -17.50644       85.12859       22.47717    
   156.7050      -21.35999       24.52164       38.68629    
   117.2264      -44.56728       14.94624      -30.34754    
   140.5869       36.86432       74.09775      -10.49203    
   101.2658      -5.503903       111.5169       40.99120    
   92.80711       7.775600       135.8881       29.96459    
   47.10403       6.835867       102.6046      -39.38979    
   82.48297       37.00718       8.221443      -15.19244    
   57.00166       16.21550       146.7669       3.604664    
   118.5461      -23.97625       58.89172       43.16288    
   153.4702      -40.64202       83.26616      -34.87981    
   102.5642      -3.465028       57.89375       36.12869    
   154.4884       38.93491       81.08206      -13.24634    
   146.8687       25.99326       106.1092      -14.08514    
   16.70963       7.527480       60.90326      -31.08160    
   80.02721      -15.17463       175.8336      -23.86217    
   156.8967      -26.87026       66.01954      -16.04903    
   168.1811      -8.386565       67.04506      -42.22356    
   131.4563       24.43827       44.22266       24.55352    
   123.8977      -26.00827       158.7948       9.509107    
   19.14452      -35.10487       153.7146      -10.44446    
   13.40726      -15.12291       120.8969      -16.83695    
   47.33408      -13.89416       118.0784       24.05054    
   123.4014       18.07443       75.68019       43.53851    
   72.84460       30.63231       136.3109       43.90780    
   145.3945       43.25720       92.80265       32.60798    
   170.3351       4.160884       125.9192      -25.34093    
   4.647773      -9.677163       165.1283      -1.909604    
   1.259001       27.04523       163.0780      -15.23972    
   6.655200       43.12325       128.6669      -3.599616    
   6.381993       5.224353       150.8510      -6.771688    
   122.1927      -17.42972       63.57553      -20.02753    
   21.92918       9.116190       102.2233       38.96028    
   163.8908       40.28241       101.6996       30.58210    
   39.60067      -15.39090       2.318403       7.310790    
   7.901281       26.47772       69.20740      -9.713400    
   20.74637      -26.47652       96.09718      -36.78647    
   60.33297      -35.93852       15.07283      -44.10615    
   174.0076       13.56561       35.57646       3.924796    
   103.7983       14.40320       178.4234       1.061618    
   39.68328      -26.72491       163.5545      -26.29774    
   133.5314     -0.8711064       176.1538       22.64694    
   92.45534       31.21329       110.1312      -22.71710    
   115.5573       41.63944      0.1111521       35.08305    
   71.59351      -36.34317       97.50534      -5.025644    
   117.5535      -23.67459       148.6019       7.962358    
   14.41963       41.67811       120.5623      -25.14493    
   47.96309      -39.91090       98.79193       34.89057    
   123.0002       35.77877       57.98361       6.947495    
   43.19722      -36.32809       19.97795       18.38268    
   176.3157      -23.17579       112.8489       37.42553    
   172.4295       18.81207       92.20021      -8.260351    
   41.70574       8.339535       96.39883      -1.054092    
   99.82188      -17.73734       49.71729       38.61494    
   160.6483       26.16322       4.751414      -10.40483    
   87.54885       12.05114       169.7791      -43.11177    
   16.02783      0.7223457       153.1123       42.38078    
   165.7598      -31.67450       77.68464      -6.855292    
   93.76976      -41.76850       173.2647       42.14937    
   91.74083      -31.57923       98.58449       31.13553    
   169.0875      -30.04677       108.9194       17.62931    
   146.8094       38.41352       57.63799      -25.23717    
   117.6436       44.53135       62.27457      -18.76113    
   104.9317       44.69677       52.53256      -23.94229    
   69.55768       4.626569       15.56803      -37.09872    
   127.1750       25.67717       2.665121      -11.97678    
   21.99025      -30.10233       174.1936      -8.511556    
   80.61761      -32.58299       40.98932      -30.89384    
   96.77025       27.25871       132.5481      -40.10004    
   70.80441       10.17721       148.6737      -18.54124    
   60.38150       29.60943       136.4707       13.01237    
   112.7642      -25.66475       91.82246       13.57542    
   130.5115      -26.05922       141.7451       30.00336    
   26.16270      -31.18462       69.66383       1.050981    
   10.58025      7.0461631E-02   103.3694      -30.76539    
   20.32647      -28.77704       6.655061       38.40786    
   174.9471      -32.50278       140.0153      -13.54278    
   57.21925       12.81081       168.9724       21.85045    
   48.08044      -14.51811       146.4998      -3.297524    
   156.0815       15.48933       95.44655      -41.49679    
   86.38004       11.87938       23.60318       2.851371    
   132.5391       6.412437       111.3000      -22.96216    
   102.6474       7.043974       50.67799       11.82238    
   69.52680       12.33304       51.02368      -43.75250    
   105.7751      -6.666496       73.31676      -42.00396    
   46.59462      -43.77858       64.02561       40.03727    
   78.85872      -4.068847       167.0884       24.54219    
   178.2953      -35.79849       97.60150       4.535948    
   96.80792      -14.44129       138.5220      -29.76118    
   138.7285       28.84414       81.38396       30.76474    
   79.28137       3.645079       153.2102       22.25526    
   167.3080       2.719256       62.30673       17.78579    
   162.9113       44.48230       125.3766       31.77195    
   63.57464       39.26893       140.8524      -14.64459    
   175.2985       21.46782       111.0158       7.537447    
   177.6233       25.82129       111.4718       3.550703    
   76.64545      -5.342306       114.5072       27.76864    
   166.7175       14.85356       111.0108       13.65013    
   12.52562      -31.96325       150.0450      -6.307606    
   149.1015      -13.15090       10.68591      -20.72829    
   165.4504       21.10984       160.2472      -41.22601    
   50.98064      -8.302864       108.7324       1.911042    
   18.02243      -31.83047       132.4416       41.26303    
   22.80815       23.56514       32.01700      -36.89213    
   171.5437       35.96567       135.7630       4.113237    
   69.45208       27.36184       159.3020      -14.28628    
   132.1415      -30.24390       57.77763      -35.96015    
   86.46481      -13.85221       152.8889       22.43064    
   93.50709       15.92670       32.30914       28.57824    
   71.10373      -34.99583       95.57793       21.09425    
   167.6815       11.93067       88.92061       39.39194    
   33.96737       14.62859       173.1631       23.79302    
   11.08162       41.33398       102.8817       43.20288    
   148.7798      -23.15891       105.1794       5.197794    
   82.86037       2.643376       20.72787      -39.13187    
   71.00214       37.06465       26.96771       24.26103    
   40.54903      -21.02562       132.6058      -16.23340    
   80.00595      -33.81942       62.80151       10.29103    
   33.26252       17.09425       35.68186      -25.43922    
   106.8100       21.75905       22.07644      -6.598840    
   48.37886      -1.335450       113.5622      -30.66597    
   74.30923       43.91108       58.07850      -27.90061    
   115.4843       29.03634       171.7171       28.66077    
   130.5107       37.03792       114.3786      -31.30789    
   140.1292      -18.35606       80.06481       30.35519    
   15.82119       24.52436       56.08966       25.02556    
   169.5336      -19.38244       138.6341      -10.25693    
   177.0370       5.165838       167.7867      -25.26916    
   19.68382      -26.44636       122.4604       10.82629    
   171.5810      -17.45765       164.8257       19.16798    
   115.4437      -31.00476       74.15083       32.98214    
   16.64519       19.68642       92.19006      -1.187457    
   37.22844       43.28756       145.5105       22.03746    
   139.8957      -26.87397       93.39803       9.017464    
   144.2408       26.80837       25.23252      -24.28209    
   110.7404      -13.69736       123.4740       20.14970    
   9.270037       39.57355       100.6495       13.47218    
   90.15919       32.36411       142.9814       32.10195    
   109.0533      -13.78254       57.54833       10.67119    
   166.0961       36.33270       77.11852       43.17941    
   147.1994      -9.651510       109.0470       37.18232    
   95.67489      -31.72052       20.53406      -19.68138    
   63.41618       26.08506       8.260813       1.938400    
   90.91795       12.04700       138.5730       29.52314    
   98.12667      -27.67712       28.45463       1.267719    
   69.89780       26.23338       155.7578       24.43798    
   4.078164       9.407548       30.34816      -31.27200    
   57.69815      -6.317080       100.8108       33.47625    
   95.29063       33.98532       172.8305      -7.115960    
   85.12206      -24.89456       104.6436       28.64713    
   48.11804       31.27513       13.68040       20.40526    
   32.97518       28.48878       132.2175      -1.172737    
   90.04177       4.389301       178.8536      0.7064778    
   121.4557       37.66695       66.50127      -26.62572    
   5.900106       10.57331       145.2234       41.83804    
   73.49357      -21.85562       138.0552      -44.01234    
   171.5788      -4.773705      0.2014991       22.71396    
   171.4269       29.89756       159.2519      -44.71675    
   67.12228       29.38157       160.3019      -30.18887    
   100.1438       2.042996       65.12261      -23.81998    
   45.40766      -43.43795       138.7685      -21.75650    
   150.7881      -33.11985       40.26473       5.661741    
   91.38090      -20.98922       121.2638       37.21135    
   131.0264       33.30946       52.81294      -7.086273    
   46.85570       23.29634       158.6217       29.82546    
   98.87845      -20.37471       48.47230       3.834556    
   47.87484      -44.70667       19.66117      -2.693641    
   56.10984       5.683875       88.61395       9.922763    
   100.6340       14.53787       62.06369       37.55855    
   33.18671      -5.553691       74.43327       31.53860    
   28.79360      -17.10347       131.1707       5.540709    
   112.3998       12.97937       54.69476       3.484865    
   161.9134       42.33427       41.39472       7.297888    
   25.75183       10.00528       158.3656      -43.19426    
   141.4701       18.04300       54.34787       17.07576    
   2.319469       44.27255       131.4756      -24.03515    
   119.6078       37.08184       61.35982      -15.97525    
   101.0875       12.95906       128.2925      -44.81427    
   96.63028       26.40309       20.78987       44.05230    
   126.3591       40.91391       35.12474      -22.73618    
   178.7700      -23.14396       10.28850       38.31783    
   157.7120       27.59573       68.49637      -41.74697    
   87.20351      -10.93433       23.50640      -28.13062    
   23.10122       31.35137       105.3924       21.82905    
   149.8874       8.392670       56.66171      0.4819393    
   64.09067      -40.60574       53.85833       26.75969    
   139.1067       23.03893       62.04195       2.981619    
   124.4333       33.09735       91.78361       13.91668    
   111.5866       31.52799       24.56855      -42.05509    
   4.213600       32.66114       133.7471       17.66233    
   29.16611      -40.43947       161.4237       44.77289    
   126.5529       21.15658       136.9254      -38.38872    
   129.0343      -23.75522       170.7398       19.14043    
   89.87658       27.94309       172.0635      -1.232792    
   74.52940       39.70207       35.35153       22.82043    
   108.4997       22.04726       54.61023       37.88303    
   36.24357       41.40207       149.3032      -26.89483    
   74.94234      -19.75264       119.3483       25.72022    
   9.917007       7.336169       93.38129      -32.25687    
   148.7393       10.55146       7.384708      -2.789916    
   76.29209      -36.57296       35.45082      -39.01078    
   59.44792       8.783709       74.08355       36.42199    
   169.9612      -18.17487       89.88373       5.976825    
   56.55016      -3.052542       157.8167      -24.95152    
   155.7141       35.96624       35.07150       18.32455    
   67.04427       20.70858       171.6391       20.12673    
   123.7181       37.08976       75.57328       20.88570    
   157.4656       21.25835       155.7797      -25.25368    
   176.0104      -5.549035       176.9242      -42.05468    
   61.41648      -28.21935       5.723029      -18.73370    
   113.4347       41.84491       121.6560      -23.10923    
   127.7032       10.49951       31.52081       12.18674    
   1.565699      -32.25248       156.8317      -33.77837    
   153.0236       21.33734       87.20401       6.343827    
   172.5879       28.16343       10.11461       29.67612    
   169.0455       42.06359       89.67858      -8.134861    
   96.40704       14.10640       40.33347      -37.06966    
   1.549887      -41.03728       22.57127      -12.44365    
   149.3241      -21.54516       5.108919      -15.32753    
   116.1354      -39.12281       63.13780      -11.33703    
   15.27141       12.18223       99.54312       22.05201    
   170.4865       42.62539       116.2335       37.00701    
   106.2029      -2.205344       8.346721       15.49877    
   138.4983      -44.84886       177.7783       7.948072    
   21.19264      -9.090811       162.6942      -22.97649    
   103.8015       34.13932       27.27118       33.36305    
   94.59222      -9.914282       170.6232       19.73580    
   73.45827       12.38817       106.6140      -35.46680    
   18.19227       16.02133       144.8733       31.38558    
   151.4993       5.247211       68.99912      -42.60597    
   46.78527       7.330059       148.9912       25.66332    
   70.06651       35.00164       165.8732       35.43803    
   148.5906      -26.39585       80.00430     -0.9742534    
   148.1851       21.50465       158.7190      -12.14886    
   10.59954       39.87472       124.1872       37.48465    
   68.87444       37.21719       39.31348       1.431093    
   137.8870      -33.93934       56.86636      -2.108495    
   66.40968       32.73177       170.9703       14.83463    
   16.78395      -21.53458       26.40526       22.16393    
   150.5557      -1.101100       85.93535      -41.18246    
   126.2070      -19.96676       61.64439      -33.75577    
   35.00539      -27.69026       13.61617       39.60399    
   165.4877      -33.60450       52.09999      -15.96306    
   164.3426      -18.22834       83.55227      0.8443433    
   85.70895       16.71814       101.1947      -44.07449    
   6.847993      -11.63038       172.1030       20.15897    
   29.70200       29.41688       177.4570       10.98915    
   168.4811      -29.03614       35.65981       18.61367    
   45.16243      -9.504971       12.55668      -33.50701    
   19.05135      -30.22175       57.33082       16.93001    
   23.69866      -11.45341       138.2459       9.024126    
   164.4409      -26.72316       46.54816      -36.95163    
   104.6523      -28.37292       32.29467      -24.02534    
   117.1750      -28.10486       159.7276       4.885075    
   84.18620      -34.45471       144.2849       29.28442    
   61.06397      -30.12142       56.92098       4.644572    
   161.1362      -40.08792       124.1630       8.517140    
   167.9803       37.71663       90.29744      -26.69082    
   14.33418       44.31619       40.47132      -19.92337    
   114.4813       24.99440       6.824136      -30.24373    
   81.26099      -9.585506       47.67113      -9.056458    
   48.89174      -10.12995       79.05497      -28.82483    
   66.34389      -1.747862       23.88693      -43.35460    
   131.7217      -29.02454       18.94836      -6.759521    
   3.419563      -2.042727       151.1433      -26.26463    
   55.53809       40.37033       7.809653      -5.467377    
   117.5097      -14.92809       34.05090       35.24281    
   1.386840      -33.60049       65.97711       40.69653    
   67.55783       34.87444       54.52089      -4.201611    
   8.276763       15.75121       89.89799      -38.82411    
   6.691251       35.03550       163.4877      -5.466835    
   12.86884       6.982906       74.58968      -27.10534    
   172.3974      -14.75336       50.88947      -24.35634    
   10.12005       38.61850       112.1008      -23.23022    
   153.5351      -33.66154       92.24921      -16.73974    
   155.7777      -5.144970       14.66327       43.01023    
   176.7665      -28.17648       167.3632       27.83307    
   8.677243      -26.36081       60.46339      -6.592510    
   33.89769       25.09624       34.30267      -41.26923    
   149.5650      -25.11409       20.82207      -7.739251    
   178.6382      -10.81612       152.2741       4.555362    
   78.71962       25.34198       140.7774      -6.725049    
   85.18038       20.75720       47.60359      -14.46844    
   167.6650      -21.58600       121.9068      -44.79123    
   38.90078      -20.77471       53.24431       33.22840    
   85.77948       35.98432       12.83725      -9.906455    
   42.83522      -7.374841       143.7012       8.119910    
   177.6738      -19.51814       113.1955       15.84541    
   142.4555       38.72633       67.36586       28.35744    
   169.9660      -33.96146       60.82504       42.58618    
   99.28906       19.02200       111.1677      -25.20020    
   5.748347      -39.48137       32.41416      -14.42535    
  0.7010219     -5.5033565E-02   47.90817       32.64610    
   37.45012       1.743785       132.5600       11.48422    
   156.7905      -24.45542       106.5741       20.93761    
   88.97052      -27.22026       137.1214       19.56948    
   137.7080      -38.84777       76.44617       4.465304    
   58.11087       16.18687       151.3203      0.6774563    
   72.39859       22.23160       137.6730       5.061248    
   120.2429       41.92287       91.66383      -5.600377    
   105.1876       18.93412       31.74571      -7.849388    
   110.8273       31.18311       81.33841      -20.98691    
   80.51073       35.59206       6.502843      -27.84527    
   20.58396       2.994332       81.25710       35.44572    
   76.60311      -35.82367       40.50992      -29.59698    
   141.7089       31.91682       95.74890       18.42906    
   103.6783      -14.71830       34.21561      -4.602059    
   130.1596      -7.374546       4.955069       41.94476    
   54.43467      -28.46350       119.4586      -12.91743    
   41.54494       4.290767       68.17538      -29.14198    
   175.3479       28.29533       50.68044       6.606629    
   116.0204       15.11618       29.64156      0.1513141    
   111.7731       29.18365       1.973819       10.78819    
   128.7936      -15.23066       176.8237      -23.59688    
  0.8920224      -27.19991       68.90079      -37.07527    
   125.9575      -44.03716       164.6030       25.80807    
   78.26358       28.40824       166.3993       34.54216    
   55.81733       17.73757       161.2636      -24.86820    
   153.5819      -29.83328       79.56400       8.584238    
   144.0199       4.479236       3.167919      -11.26109    
   65.45143      -34.78249       46.38341       1.660110    
   94.45930      -35.96948       58.04770      -17.25318    
   112.4663      -20.55903       146.0215       37.18708    
   19.35793      -3.571968       45.80655       38.91042    
   117.5497       22.63897       71.66147      -16.17137    
   9.462296      -33.59583       168.6868       4.461002    
   4.428926       40.27885       150.2643      -40.23307    
   54.42924      -37.00931       58.01275       29.06129    
   18.86409       36.53390       148.8848       21.93572    
   125.6355       24.50362       70.29684       24.02947    
   93.04836       15.26424       140.4311       25.99368    
   165.2983      -38.95454       88.10140       30.49269    
   109.5631      -38.44012       48.82320       39.58624    
   53.96146       8.235723       155.9781       22.33628    
   175.5193       38.23923       100.2706      -3.914534    
   63.95341      -37.36791       21.17504       9.817078    
   81.53540      -19.91105       18.52367       4.821872    
   173.2555      -6.513782       108.8753       14.80880    
   98.41472      -14.62923       96.72398       40.41335    
   10.08737      -16.07786       145.5550       36.95181    
   98.59095      -14.42791       7.498581      -8.329756    
   173.6271       28.28592       10.68573      -26.96336    
   165.0013      -3.848675       160.9152       25.94746    
   44.34385       3.299857       165.0053      -43.48428    
   11.78408      -43.93021       178.5556      0.4976302    
   71.56161       26.21648       161.3433       41.83669    
   66.50360      -35.52057       148.6092      -8.808015    
   12.56472      -24.51212       15.46151       43.59280    
   11.81838      -22.62031       165.1342       21.36418    
   15.40075       3.408621       69.99994      -26.65585    
   40.76680      -18.46734       9.148802      -30.60853    
   88.35767       20.10352       110.0771      -9.109205    
   141.9630       34.17975       32.60433       19.67433    
   43.05716      -40.56466       149.3021       24.73951    
   75.50371       35.04402       80.94762      -1.955191    
   4.074729      -20.03722       48.67021       36.19867    
   102.0730       38.73697       96.80280      -12.47085    
   171.3224       2.920550       148.3277       24.37824    
   31.04194       31.70541       51.05770      -32.03547    
   74.36910      -37.14669       159.9435       30.65803    
   88.54866      -7.475553       92.14713       38.01075    
   29.14113      -8.434517       102.3985       1.536959    
   2.649127      -27.37007       143.7873       28.95743    
   70.98206      -29.96088       93.44006       28.38338    
   152.6186      -2.687976       117.8583       32.25416    
   74.61662       8.413167       8.671653      -40.50198    
   166.8944       40.48148       60.01499      -8.521201    
   8.302348       4.205623       6.797837      -43.55160    
   98.74939      -2.060333       59.75556      -17.65105    
   88.90189       19.15261       152.4236      -24.69174    
   42.21848      -5.694282       93.42509      -41.32758    
   10.08530       1.746976       33.65481      -39.70354    
   122.6111       23.17817       37.10797     -0.4721761    
   24.43092       38.08445       139.8641      -44.56805    
   89.37942       42.58143       163.1152       15.79661    
   31.10154       31.74949       21.14809      -25.80853    
