1 0.33359081
1 0.33359081
>
0.91905308 0.743554
1 0.74539679
>
0.98312604 0.99258029
0.99095607 1
>
0.79151595 0.96386433
0.79440778 1
>
0 0.93706238
0.079285741 0.89929909
>
0 0.52342838
0 0.52342838
>
0.54803258 0
0.54856825 0.086196899
>
0.63817185 1
0.64741743 0.97494853
>
0.48753139 1
0.50425893 0.8983562
>
0 0.80065304
0.009973349 0.80266666
>
0 0.46387333
0 0.46387333
>
0 0.60759509
0 0.60759509
>
0 0.33296344
0 0.33296344
>
0.31261563 1
0.31871346 0.91009951
>
0.1206243 0.91908008
0.16630101 1
>
1 0.24892911
1 0.24892911
>
1 0.53404069
1 0.53404069
>
0.88145071 0.7849226
0.98312604 0.99258029
>
0.86613071 0.94783652
0.98312604 0.99258029
>
0.89944136 0.063653722
1 0.09430711
>
1 0.29255554
1 0.29255554
>
0.64741743 0.974949
0.67961013 0.96026862
>
0.63276309 0.93303269
0.64741743 0.97494906
>
0.67961013 0.96026826
0.79151595 0.96386462
>
0.67961013 0.9602682
0.74786407 0.86030924
>
0.31871346 0.91009986
0.4105227 0.83613706
>
0.24710378 0.8137269
0.31871346 0.91009986
>
0.79151595 0.96386456
0.80093664 0.94919336
>
0.80093664 0.94919336
0.85222149 0.94623452
>
0.77750313 0.84693003
0.80093664 0.94919348
>
0.63276309 0.93303192
0.64973688 0.89322782
>
0.6083532 0.91095865
0.63276309 0.93303192
>
0.1206243 0.91908014
0.19039427 0.83351159
>
0.079285741 0.89929909
0.1206243 0.91908014
>
0.86613071 0.94783688
0.8780514 0.78626537
>
0.85222149 0.94623458
0.86613071 0.94783652
>
0.8506704 0.9151783
0.85222149 0.94623566
>
0.067619853 0.84885454
0.079285741 0.89929903
>
0.50425893 0.8983562
0.51968789 0.88804936
>
0.4105227 0.83613688
0.50425893 0.8983562
>
0.59163797 0.79869866
0.6083532 0.91095853
>
0.51968789 0.88804936
0.6083532 0.91095865
>
0.51968789 0.88804948
0.53030169 0.86248422
>
0.64973688 0.89322764
0.69927162 0.85531312
>
0.6401493 0.81470394
0.64973688 0.89322758
>
0.77750313 0.84693038
0.78611761 0.83135915
>
0.74786407 0.86030966
0.77750313 0.8469305
>
0.8506704 0.91517925
0.86401457 0.79022503
>
0.80696416 0.81474173
0.8506704 0.91517901
>
0.69927162 0.85531318
0.74786407 0.86030936
>
0.78611761 0.83135891
0.80696416 0.81474179
>
0.72133732 0.7956152
0.78611761 0.83135891
>
0.4105227 0.83613694
0.41851148 0.80753517
>
0.24710378 0.8137269
0.24753971 0.80693388
>
0.19039427 0.83351153
0.24710378 0.81372684
>
0.53030169 0.8624832
0.59163797 0.7986986
>
0.4880479 0.79035008
0.53030169 0.8624832
>
0.80696416 0.81474185
0.82570451 0.79898536
>
0.067619853 0.84885454
0.11559863 0.79577249
>
0.009973349 0.80266666
0.067619853 0.84885454
>
0.8780514 0.78626519
0.88145071 0.78492272
>
0.86401457 0.79022497
0.8780514 0.78626519
>
0.88145071 0.78492278
0.91905308 0.74355412
>
0.82570451 0.79898524
0.86401457 0.79022491
>
0.75116265 0.71379119
0.82570451 0.79898518
>
0.24753971 0.8069337
0.28324255 0.69617033
>
0.14283176 0.74320495
0.24753971 0.80693364
>
0.11559863 0.79577249
0.19039427 0.83351153
>
0.66400814 0.82336193
0.69927162 0.85531312
>
0.41851148 0.80753589
0.4880479 0.79035014
>
0.39176148 0.72149259
0.41851148 0.80753595
>
0 0.64367628
0.049643703 0.6558516
>
0 0.54084307
0.13127275 0.50478369
>
0.91415203 0.73031354
0.91905308 0.74355412
>
0.59163797 0.79869854
0.6011802 0.77679002
>
0.009973349 0.80266666
0.077124424 0.74716723
>
0.6011802 0.77679062
0.6401493 0.81470311
>
0.59820896 0.74814606
0.6011802 0.77679062
>
0.6401493 0.81470311
0.66400814 0.82336199
>
0.66400814 0.82336187
0.72133732 0.79561514
>
0.59820896 0.74814719
0.66865611 0.73471874
>
0.57533139 0.7267285
0.59820896 0.74814719
>
0.91415203 0.7303133
0.93870515 0.62068081
>
0.86294007 0.67265224
0.91415203 0.7303133
>
0.1121996 0.76765257
0.11559863 0.79577249
>
0.4880479 0.79035014
0.56767333 0.72991359
>
0.66865611 0.7347188
0.72133732 0.79561514
>
0.5595507 0.6362679
0.57533139 0.72672868
>
0.56767333 0.72991359
0.57533139 0.72672838
>
0.39176148 0.72149253
0.56767333 0.72991359
>
0.1121996 0.76765233
0.14283176 0.74320495
>
0.077124424 0.74716723
0.1121996 0.76765233
>
0.36102313 0.67565393
0.39176148 0.72149253
>
0.28324255 0.69617075
0.36102313 0.67565405
>
0.21951646 0.65227795
0.28324255 0.69617075
>
0.66865611 0.73471868
0.71650022 0.6990301
>
0.36102313 0.67565411
0.40261954 0.60800099
>
0.049643703 0.65584993
0.077124424 0.74716723
>
0.14283176 0.74320489
0.16658564 0.64809299
>
0.75116265 0.71379125
0.86244428 0.67240959
>
0.75056446 0.71319151
0.75116265 0.71379113
>
0.75056446 0.71319121
0.80122668 0.66116107
>
0.71650022 0.6990301
0.75056446 0.71319127
>
0.71440679 0.63776207
0.71650022 0.69902992
>
0.21951646 0.65227801
0.25968581 0.50401396
>
0.16658564 0.64809257
0.21951646 0.65227801
>
0.049643703 0.6558516
0.14217441 0.63537008
>
0.5595507 0.63626844
0.59122181 0.59539127
>
0.40261954 0.60800105
0.5595507 0.6362685
>
0.14217441 0.63537019
0.16658564 0.64809257
>
0.86294007 0.67265177
0.8751626 0.57844639
>
0.86244428 0.67240953
0.86294007 0.67265213
>
0.84729135 0.66402537
0.86244428 0.67240959
>
0.13127275 0.50478387
0.14217441 0.63537002
>
0.39568889 0.56976116
0.40261954 0.60800111
>
0.82940727 0.62916988
0.84729135 0.66402537
>
0.80122668 0.66116077
0.84729135 0.66402531
>
0.71440679 0.6377629
0.72317147 0.63515723
>
0.68115586 0.60396922
0.71440679 0.6377629
>
0.59122181 0.59539115
0.60728151 0.58244377
>
0.44912183 0.46512106
0.59122181 0.59539115
>
0.77850366 0.64022911
0.80122668 0.66116101
>
0.72317147 0.63515723
0.77850366 0.64022917
>
0.72317147 0.63515723
0.79473031 0.56662166
>
0.60728151 0.58244395
0.62181437 0.57646191
>
0.53963119 0.46198368
0.60728151 0.58244377
>
0.39568889 0.56976098
0.44912183 0.46512115
>
0.28075868 0.50555933
0.39568889 0.56976098
>
0.62181437 0.57646185
0.68115586 0.60396922
>
0.62181437 0.57646179
0.64198017 0.53421521
>
0.68115586 0.60396916
0.7981261 0.51567793
>
0.77850366 0.64022923
0.78923786 0.62046134
>
0.93870515 0.62067902
1 0.54010952
>
0.8751626 0.57844687
0.93870515 0.6206789
>
0.80785483 0.54304528
0.82940727 0.62916994
>
0.78923786 0.62046134
0.82940727 0.62916982
>
0.78923786 0.62046146
0.79473031 0.5666213
>
0.93770564 0.5215562
1 0.5317632
>
0 0.38885161
0.07397715 0.39818859
>
0 0.26792425
0 0.26792425
>
0.86539924 0.54864478
0.8751626 0.57844687
>
0.79473031 0.56662166
0.80785483 0.54304552
>
0.80785483 0.54304576
0.81023961 0.53254747
>
0.81023961 0.53254747
0.86539924 0.5486449
>
0.7981261 0.51567799
0.81023961 0.53254753
>
0.86539924 0.5486449
0.93770564 0.5215562
>
0.64198017 0.53421521
0.78763258 0.48639715
>
0.63916767 0.45893669
0.64198017 0.53421402
>
0.78763258 0.48639715
0.7981261 0.51567805
>
0.25968581 0.5040139
0.28075868 0.50555933
>
0.21509652 0.46930856
0.25968581 0.5040139
>
0.13127275 0.50478369
0.14141141 0.48756158
>
0.93455172 0.51613379
0.93770564 0.52155614
>
0.28075868 0.50555933
0.34300342 0.42537838
>
0.78763258 0.48639679
0.78772187 0.48457146
>
0.14141141 0.48756152
0.21509652 0.46930861
>
0.07397715 0.39818859
0.14141141 0.48756152
>
0.78772187 0.48457301
0.79756945 0.47108507
>
0.68819404 0.41080478
0.78772187 0.48457304
>
0.92364961 0.44086313
0.93455172 0.51613379
>
0.88706172 0.46154022
0.93455172 0.51613379
>
0.21509652 0.46930861
0.23269571 0.3836652
>
0.44912183 0.46512127
0.45099211 0.45712638
>
0.45099211 0.45712641
0.48445427 0.43033445
>
0.37974286 0.41379553
0.45099211 0.45712644
>
0.79756945 0.47108495
0.88706172 0.46154052
>
0.79756945 0.47108483
0.84061503 0.34015703
>
1 0.2824899
1 0.2824899
>
0.92364961 0.44086289
1 0.3858636
>
0.88059026 0.1701403
1 0.23310176
>
0.86451834 0.34094572
1 0.31550056
>
0.48445427 0.43033445
0.4929077 0.43113419
>
0.4819591 0.34560204
0.48445427 0.430336
>
0.4929077 0.43113416
0.53963119 0.46198365
>
0.4929077 0.43113416
0.59979469 0.38386604
>
0.63916767 0.45894027
0.65197885 0.42452931
>
0.53963119 0.46198368
0.63916767 0.45894021
>
0.65197885 0.42452914
0.68819404 0.41080466
>
0.59979469 0.38386607
0.65197885 0.42452911
>
0.88706172 0.46154058
0.8982681 0.44108295
>
0.68819404 0.41080463
0.72734141 0.31221819
>
0.07397715 0.39818859
0.15008116 0.31975302
>
0.36376154 0.3442502
0.37974286 0.41379559
>
0.34300342 0.42537856
0.37974286 0.41379547
>
0.26438224 0.37652147
0.34300342 0.42537856
>
0.8982681 0.44108295
0.92364961 0.44086295
>
0.86451834 0.34094596
0.8982681 0.44108272
>
0.23269571 0.38366523
0.23926245 0.3798461
>
0.15008116 0.31975305
0.23269571 0.3836652
>
0.23926245 0.3798461
0.26438224 0.37652144
>
0.23926245 0.37984598
0.25612503 0.30923295
>
0.84061503 0.34015721
0.86451834 0.34094572
>
0.77683854 0.28746653
0.84061503 0.34015721
>
0.59918523 0.37174988
0.59979469 0.38386631
>
0.26438224 0.37652141
0.34201792 0.32817587
>
0.59918523 0.37174892
0.66655815 0.29755962
>
0.58346736 0.34607321
0.59918523 0.37174904
>
0.4819591 0.34560281
0.49055231 0.33327579
>
0.42274755 0.32257932
0.4819591 0.34560281
>
0.72734141 0.31221822
0.77683854 0.2874665
>
0.66655815 0.29755962
0.72734141 0.31221822
>
0.36376154 0.34425038
0.42274755 0.32257935
>
0.34201792 0.32817587
0.36376154 0.34425035
>
0.77683854 0.28746605
0.77721757 0.2776432
>
0.14859958 0.30142355
0.15008116 0.31975317
>
0.49055231 0.33327588
0.58346736 0.34607312
>
0.49055231 0.33327591
0.49563116 0.31792188
>
0.33866021 0.31236696
0.34201792 0.3281759
>
0.77721757 0.27764267
0.88059026 0.17014033
>
0.69493008 0.11618137
0.77721757 0.27764261
>
0.58263159 0.32245445
0.58346736 0.34607315
>
0 0.27860239
0.094984591 0.27688903
>
0 0.25277647
0.055141859 0.18772173
>
0.14859958 0.3014234
0.15666732 0.28832585
>
0.094984591 0.27688903
0.14859958 0.30142343
>
0.49563116 0.31792182
0.5631156 0.30013281
>
0.4926531 0.23167801
0.49563116 0.31792259
>
0.33866021 0.31236684
0.40024418 0.22054672
>
0.30567178 0.28508842
0.33866021 0.3123669
>
0.40800717 0.22136068
0.42274755 0.32257915
>
0.15666732 0.28832579
0.21176252 0.24241742
>
0.12592328 0.20944947
0.15666732 0.28832579
>
0.63734668 0.27486014
0.66655815 0.29755968
>
0.58263159 0.32245439
0.63734668 0.2748602
>
0.5631156 0.30013263
0.58263159 0.32245433
>
0.25612503 0.30923295
0.30094147 0.28445157
>
0.21176252 0.24241742
0.25612503 0.30923292
>
0.61505699 0.2395547
0.63734668 0.2748602
>
0.5631156 0.30013275
0.57630372 0.24088144
>
0.30567178 0.28508854
0.32448828 0.21096587
>
0.30094147 0.28445157
0.30567178 0.28508845
>
0.087714225 0.21233469
0.094984591 0.27688897
>
0.22669369 0.21699339
0.30094147 0.28445157
>
0.21176252 0.24241745
0.22669369 0.21699339
>
0.4926531 0.23167692
0.54651868 0.2285333
>
0.46159983 0.20678535
0.4926531 0.23167694
>
0.61505699 0.23955464
0.66532618 0.14892542
>
0.57630372 0.24088167
0.61505699 0.2395546
>
0.40800717 0.22136052
0.46159983 0.20678532
>
0.40024418 0.22054669
0.40800717 0.2213605
>
0.38283753 0.20932934
0.40024418 0.22054668
>
0.54651868 0.22853331
0.57630372 0.24088165
>
0.22669369 0.21699345
0.23689866 0.17105949
>
0.46159983 0.20678544
0.47071481 0.16483283
>
0.54651868 0.22853339
0.56032807 0.18076324
>
0.36757666 0.14796519
0.38283753 0.20932937
>
0.32448828 0.2109659
0.38283753 0.20932935
>
0.23689866 0.17105943
0.32448828 0.21096589
>
0.22728537 0.1382401
0.23689866 0.17105943
>
0.86305338 0.11611557
0.88059026 0.1701405
>
0.22728537 0.13824007
0.27993989 0.12844878
>
0.19232139 0.097506732
0.22728537 0.13824007
>
0.087714225 0.21233469
0.12592328 0.20944943
>
0.055141859 0.18772176
0.087714225 0.21233469
>
0.69493008 0.11618137
0.69773334 0.091010571
>
0.66532618 0.14892542
0.69493008 0.11618125
>
0.055141859 0.18772173
0.069159053 0
>
0.59940153 0.1628906
0.66532618 0.14892545
>
0.12592328 0.20944941
0.19232139 0.097506762
>
0.47071481 0.16483289
0.51905614 0.10613149
>
0.39223403 0.088225901
0.47071481 0.16483298
>
0.69773334 0.091010869
0.86305338 0.11611564
>
0.6969139 0.089020133
0.69773334 0.091011047
>
0.6969139 0.089020729
0.70358366 0
>
0.54856825 0.086198367
0.6969139 0.089020222
>
0.14001004 0
0.19232139 0.097506732
>
0.56032807 0.18076304
0.59940153 0.16289061
>
0.54353052 0.14177525
0.56032807 0.18076301
>
0.86305338 0.11611569
0.89944136 0.063653827
>
0.54353052 0.1417751
0.59940153 0.16289061
>
0.27993989 0.12844878
0.36757666 0.14796521
>
0.27993989 0.1284488
0.38779813 0.060090095
>
0.36757666 0.14796519
0.39223403 0.088225842
>
0.51905614 0.10613137
0.54353052 0.14177513
>
0.51905614 0.10613143
0.52169716 0.098865271
>
0.52169716 0.09886536
0.54856825 0.08619836
>
0.41494811 0
0.52169716 0.09886533
>
0.38779813 0.060090065
0.39223403 0.088225842
>
0.89528954 0
0.89944136 0.063652992
>
0.38779813 0.060090065
0.39879516 0
>
