38.675195 43.757214
52.974393 92.480452
60.286766 78.308517
57.464793 51.536760
51.370759 53.622420
40.875959 88.289968
35.508145 32.015327
94.802801 27.417021
72.019212 71.548742
62.732224 41.606135
87.658299 53.914590
19.522068 18.567030
83.623797 79.359635
43.745967 12.358808
32.279175 33.195003
60.393831 12.023999
50.494226 37.955826
18.245588 11.825895
69.399601 57.489664
6.630175 95.047759
79.826384 22.908326
59.178829 79.690536
5.999839 74.570339
29.323341 46.750169
32.836069 92.849651
29.630893 41.743285
60.212741 46.614926
28.795156 16.179072
85.679769 52.252196
27.689656 5.292981
94.790691 95.141634
38.386140 1.862203
29.921897 85.972604
75.391469 69.780156
50.142328 90.191417
3.033817 34.306464
29.059164 21.472395
8.521051 40.345280
20.558337 87.936622
87.539766 84.639164
49.795090 4.748956
9.078969 78.961931
3.345328 9.375519
14.173762 41.920344
98.652137 80.485316
1.571971 84.033897
28.460361 57.709349
37.443376 85.979839
8.432487 4.408016
94.585793 67.428207
53.924639 62.071623
95.925229 39.384798
91.141368 32.902893
12.382656 65.647854
71.073266 90.860026
24.630637 74.658037
86.215083 71.693279
57.905715 61.757051
18.554535 16.708468
5.848547 1.312885
39.918060 96.702400
27.265473 91.175135
5.412483 3.811604
95.412170 68.309091
62.575206 46.384171
74.217238 61.113925
12.252476 52.838827
30.903828 2.897889
57.685213 26.145699
47.980802 80.773962
37.463648 19.475417
66.796469 19.392100
85.823715 33.251795
64.116151 55.555830
51.533929 18.525104
33.101724 54.769749
67.097260 88.026182
54.886456 99.530934
20.508855 64.145199
67.217153 7.715143
49.124493 74.065403
68.035856 31.723474
62.303927 67.336748
38.623500 30.553296
65.076827 69.417853
84.163329 97.115330
74.092836 56.464820
1.458519 61.683451
18.003826 80.720782
95.476055 51.621385
87.376583 84.845297
35.451494 76.720418
36.631528 18.739451
10.533179 33.935984
22.913496 25.839456
46.637846 49.988403
65.970985 1.645681
56.278198 62.870913
24.355148 0.874244
42.732207 70.794359
