FindPreNodeOTF: NULL head
0.88341273 0.11415457
1 0.063773684
>
0.71104014 0.91444121
1 2.9760868
>
0 0.98423682
0.067755403 0.94797849
>
0 0.034247504
0.020383157 0.061193202
>
0 -0.15952155
0.12816204 0.10603821
>
-3.312925 0.50169359
0.022259171 0.8359796
>
0.079117218 0.96074228
0.44654382 2.2956462
>
0.37804227 0.97939782
0.39313708 1.8091357
>
0.21129963 0.96374646
0.39313708 1.8091357
>
0.4852475 0.89138957
0.56172743 1.2780007
>
-0.74177713 0.57011993
0.069991345 0.78003389
>
0.88507735 1.0442221
0.97433624 0.81518507
>
0.81222535 0.88066464
0.88507735 1.0442221
>
0.6037925 1.0205008
0.71104014 0.91444121
>
0.58773017 0.85664485
0.6037925 1.0205008
>
-0.17375629 0.90916078
0.024949962 0.90284918
>
-0.17375629 0.90916078
0.012219452 0.85015507
>
0.37804227 0.97939782
0.4852475 0.89138957
>
0.34363719 0.8405476
0.37804227 0.97939782
>
0.21129963 0.96374646
0.3139846 0.83492484
>
0.19847709 0.95096728
0.21129963 0.96374646
>
0.17852549 0.85159316
0.19847709 0.95096728
>
0.16101479 0.93990395
0.19847709 0.95096728
>
0.079117218 0.96074228
0.16101479 0.93990395
>
0.067755403 0.94797849
0.079117218 0.96074228
>
0.06682639 0.94237119
0.067755403 0.94797849
>
0.81222535 0.88066464
0.83199304 0.85194366
>
0.75929648 0.86190834
0.81222535 0.88066464
>
0.06682639 0.94237119
0.14089599 0.91649321
>
0.060735749 0.91234484
0.06682639 0.94237119
>
0.89118802 0.53100884
1.195965 0.71117872
>
0.14089599 0.91649321
0.16101479 0.93990395
>
0.060735749 0.91234484
0.088775945 0.87385595
>
0.024949962 0.90284918
0.060735749 0.91234484
>
0.70529191 0.81826528
0.75929648 0.86190834
>
0.71104014 0.91444121
0.75929648 0.86190834
>
0.58773017 0.85664485
0.64915297 0.81877177
>
0.56534095 0.84879925
0.58773017 0.85664485
>
0.34363719 0.8405476
0.38994493 0.81041089
>
0.3139846 0.83492484
0.34363719 0.8405476
>
0.83199304 0.85194366
0.83327894 0.85144988
>
0.83199304 0.85194366
0.84515246 0.75548699
>
0.83327894 0.85144988
0.97433624 0.81518507
>
0.83327894 0.85144988
0.99751678 0.7058889
>
0.022479731 0.87512222
0.024949962 0.90284918
>
0.22278535 0.77125621
0.3139846 0.83492484
>
0.11235675 0.87686915
0.14089599 0.91649321
>
0.4852475 0.89138957
0.49351165 0.86395506
>
0.51416153 0.73462588
0.56534095 0.84879925
>
0.49351165 0.86395506
0.56534095 0.84879925
>
0.088775945 0.87385595
0.11235675 0.87686915
>
0.068704412 0.79986771
0.088775945 0.87385595
>
0.38994493 0.81041089
0.49351165 0.86395506
>
0.99751678 0.7058889
1.1028048 0.72153904
>
0.97433624 0.81518507
1.1028048 0.72153904
>
0.11235675 0.87686915
0.17852549 0.85159316
>
0.70529191 0.81826528
0.72167819 0.76360748
>
0.64915297 0.81877177
0.70529191 0.81826528
>
0.38994493 0.81041089
0.41860085 0.74204701
>
0.61872785 0.73564606
0.64915297 0.81877177
>
0.17852549 0.85159316
0.22278535 0.77125621
>
0.022479731 0.87512222
0.041259154 0.82377994
>
0.012219452 0.85015507
0.022479731 0.87512222
>
0.19378672 0.7169094
0.22278535 0.77125621
>
0.068704412 0.79986771
0.069991345 0.78003389
>
0.041259154 0.82377994
0.068704412 0.79986771
>
0.012219452 0.85015507
0.022259171 0.8359796
>
0.022259171 0.8359796
0.041259154 0.82377994
>
0.069991345 0.78003389
0.12909402 0.735791
>
0.19378672 0.7169094
0.203127 0.68638499
>
0.12909402 0.735791
0.19378672 0.7169094
>
0.019463823 0.65254572
0.12909402 0.735791
>
0.41860085 0.74204701
0.51416153 0.73462588
>
0.39977765 0.68766464
0.41860085 0.74204701
>
0.72167819 0.76360748
0.74099536 0.73480604
>
0.64898507 0.67418032
0.72167819 0.76360748
>
0.88960457 0.6795326
0.99751678 0.7058889
>
0.203127 0.68638499
0.29895288 0.65830685
>
0.19473237 0.66099965
0.203127 0.68638499
>
0.94561271 0.22398472
1.4198156 0.31372132
>
0.84515246 0.75548699
0.88529424 0.68193251
>
0.74899113 0.7328467
0.84515246 0.75548699
>
-0.16950311 0.54073752
0.019463823 0.65254572
>
0.51416153 0.73462588
0.51719996 0.73126963
>
0.51719996 0.73126963
0.61872785 0.73564606
>
0.51719996 0.73126963
0.54291677 0.65424527
>
0.74099536 0.73480604
0.74899113 0.7328467
>
0.73605916 0.71029975
0.74099536 0.73480604
>
0.61872785 0.73564606
0.62933753 0.6880223
>
0.74899113 0.7328467
0.82241504 0.67370924
>
0.19473237 0.66099965
0.24496617 0.52584599
>
0.16668447 0.63495531
0.19473237 0.66099965
>
0.88529424 0.68193251
0.88960457 0.6795326
>
0.82241504 0.67370924
0.88529424 0.68193251
>
0.87069756 0.57342258
0.88960457 0.6795326
>
-0.14324612 0.53535625
0.094115647 0.55722957
>
-0.14324612 0.53535625
0.0038195299 0.44416959
>
0.39977765 0.68766464
0.44756061 0.59317013
>
0.29895288 0.65830685
0.39977765 0.68766464
>
0.73605916 0.71029975
0.76753714 0.65020893
>
0.67470748 0.63682612
0.73605916 0.71029975
>
0.62933753 0.6880223
0.64898507 0.67418032
>
0.54291677 0.65424527
0.62933753 0.6880223
>
0.29895288 0.65830685
0.31037005 0.62954028
>
0.64898507 0.67418032
0.67470748 0.63682612
>
0.77780869 0.64675804
0.82241504 0.67370924
>
0.094115647 0.55722957
