1 0.33359089
1 0.33359089
>
0.91905284 0.74355388
1 0.74539685
>
0.98312616 0.99258006
0.99095649 1
>
0.79151559 0.96386528
0.79440743 1
>
0 0.93706304
0.079285488 0.89929909
>
0 0.52342856
0 0.52342856
>
0.54803222 0
0.54856777 0.086204529
>
0.63817179 1
0.6474176 0.97494781
>
0.48753121 1
0.50425929 0.89835644
>
0 0.80065286
0.0099730082 0.80266643
>
0 0.46387315
0 0.46387315
>
0 0.60759491
0 0.60759491
>
0 0.33296347
0 0.33296347
>
0.31261599 1
0.31871361 0.91010046
>
0.12062501 0.91908056
0.16630118 1
>
1 0.24892904
1 0.24892904
>
1 0.53404087
1 0.53404087
>
0.88145095 0.7849226
0.98312616 0.99257982
>
0.86613065 0.9478364
0.98312616 0.99258
>
0.89944118 0.063654363
1 0.094307303
>
1 0.29255578
1 0.29255578
>
0.6474176 0.97494793
0.67960852 0.96026838
>
0.63276291 0.93303156
0.6474176 0.97494793
>
0.67960852 0.96026868
0.79151559 0.96386516
>
0.67960852 0.96026874
0.74786371 0.86030996
>
0.31871361 0.91009969
0.41052255 0.83613694
>
0.24710402 0.81372702
0.31871361 0.91009963
>
0.79151559 0.96386528
0.800937 0.94919276
>
0.800937 0.9491927
0.85221934 0.94623417
>
0.77750343 0.84693122
0.800937 0.94919276
>
0.63276291 0.9330318
0.64973706 0.89322639
>
0.6083523 0.91095781
0.63276291 0.93303168
>
0.12062501 0.9190805
0.19039425 0.83351183
>
0.079285488 0.89929909
0.12062501 0.9190805
>
0.86613065 0.94783592
0.87805206 0.78626823
>
0.85221934 0.94623417
0.86613065 0.9478364
>
0.85066885 0.91519547
0.85221934 0.94623375
>
0.067619212 0.84885263
0.079285488 0.89929914
>
0.50425929 0.89835644
0.51968801 0.88804972
>
0.41052255 0.83613694
0.50425929 0.89835644
>
0.59163833 0.79869771
0.6083523 0.91095757
>
0.51968801 0.88804972
0.6083523 0.91095781
>
0.51968801 0.88804972
0.53030252 0.86248219
>
0.64973706 0.89322758
0.69927216 0.85531366
>
0.64014876 0.81470251
0.64973706 0.8932271
>
0.77750343 0.84693027
0.78611773 0.83135927
>
0.74786371 0.86030966
0.77750343 0.84693027
>
0.85066885 0.9151926
0.86401057 0.79022598
>
0.80695844 0.8147465
0.85066885 0.91519284
>
0.69927216 0.85531354
0.74786371 0.8603099
>
0.78611773 0.83135885
0.80695844 0.81474638
>
0.7213372 0.79561496
0.78611773 0.83135879
>
0.41052255 0.83613706
0.41851145 0.80753541
>
0.24710402 0.81372714
0.24754004 0.80693269
>
0.19039425 0.83351183
0.24710402 0.81372708
>
0.53030252 0.86248207
0.59163833 0.79869819
>
0.48804882 0.79034948
0.53030252 0.86248201
>
0.80695844 0.81474638
0.82570481 0.79898489
>
0.067619212 0.84885389
0.11559884 0.79577214
>
0.0099730082 0.80266643
0.067619212 0.84885389
>
0.87805206 0.78626442
0.88145095 0.78492218
>
0.86401057 0.79022557
0.87805206 0.78626442
>
0.88145095 0.78492218
0.91905284 0.743554
>
0.82570481 0.79898483
0.86401057 0.79022557
>
0.7511642 0.7137922
0.82570481 0.79898477
>
0.24754004 0.80693281
0.28324214 0.6961711
>
0.1428315 0.74320519
0.24754004 0.80693281
>
0.11559884 0.79577273
0.19039425 0.83351177
>
0.6640076 0.82336128
0.69927216 0.85531354
>
0.41851145 0.80753529
0.48804882 0.79034978
>
0.39176175 0.72149277
0.41851145 0.80753529
>
0 0.64367598
0.04964558 0.6558519
>
0 0.54084319
0.13127208 0.50478399
>
0.91415167 0.73031306
0.91905284 0.74355388
>
0.59163833 0.79869819
0.60118014 0.77679074
>
0.0099730082 0.80266643
0.077124171 0.74716616
>
0.60118014 0.77679044
0.64014876 0.81470251
>
0.59820926 0.74814892
0.60118014 0.77679062
>
0.64014876 0.81470251
0.6640076 0.82336134
>
0.6640076 0.82336128
0.7213372 0.79561448
>
0.59820926 0.74814773
0.66865605 0.73471916
>
0.57533121 0.72672868
0.59820926 0.74814773
>
0.91415167 0.7303133
0.93870592 0.62067795
>
0.8629396 0.67265165
0.91415167 0.73031306
>
0.11219947 0.76764929
0.11559884 0.79577267
>
0.48804882 0.79034936
0.56767249 0.72991407
>
0.66865605 0.73471892
0.7213372 0.79561448
>
0.55955082 0.63626838
0.57533121 0.72672844
>
0.56767249 0.72991407
0.57533121 0.72672856
>
0.39176175 0.72149265
0.56767249 0.72991407
>
0.11219947 0.76765215
0.1428315 0.74320471
>
0.077124171 0.74716663
0.11219947 0.76765215
>
0.36102334 0.67565387
0.39176175 0.72149265
>
0.28324214 0.69617105
0.36102334 0.67565405
>
0.21951576 0.65227783
0.28324214 0.69617105
>
0.66865605 0.73471904
0.7165001 0.69902986
>
0.36102334 0.67565405
0.4026193 0.60800117
>
0.04964558 0.65585184
0.077124171 0.74716616
>
0.1428315 0.74320525
0.16658503 0.64809322
>
0.7511642 0.71379209
0.86245656 0.67241532
>
0.75056416 0.71319067
0.7511642 0.7137922
>
0.75056416 0.71319079
0.80122638 0.66115957
>
0.7165001 0.69902986
0.75056416 0.71319085
>
0.71440619 0.63776207
0.7165001 0.69902992
>
0.21951576 0.65227783
0.25968611 0.50401437
>
0.16658503 0.64809245
0.21951576 0.65227783
>
0.04964558 0.6558519
0.14217444 0.63537049
>
0.55955082 0.63626838
0.59122163 0.59539163
>
0.4026193 0.60800123
0.55955082 0.63626838
>
0.14217444 0.63537055
0.16658503 0.64809245
>
0.8629396 0.67265129
0.8751623 0.57844639
>
0.86245656 0.67241532
0.8629396 0.67265165
>
0.84729123 0.66402435
0.86245656 0.67241532
>
0.13127208 0.50478411
0.14217444 0.63537037
>
0.39568853 0.5697608
0.4026193 0.60800123
>
0.82940811 0.62917143
0.84729123 0.66402429
>
0.80122638 0.66115981
0.84729123 0.66402429
>
0.71440619 0.6377629
0.72317183 0.63515699
>
0.68115586 0.60396987
0.71440619 0.6377629
>
0.59122163 0.59539151
0.60728192 0.58244371
>
0.44912201 0.46512079
0.59122163 0.59539145
>
0.77850604 0.64022952
0.80122638 0.66115957
>
0.72317183 0.63515693
0.77850604 0.64022952
>
0.72317183 0.63515699
0.7947306 0.56662101
>
0.60728192 0.58244389
0.62181377 0.57646227
>
0.53963131 0.46198377
0.60728192 0.58244383
>
0.39568853 0.56976056
0.44912201 0.46512073
>
0.28075904 0.50555986
0.39568853 0.56976062
>
0.62181377 0.57646227
0.68115586 0.60396987
>
0.62181377 0.57646215
0.64197981 0.53421533
>
0.68115586 0.60396993
0.7981261 0.51567817
>
0.77850604 0.64022946
0.78923935 0.62046289
>
0.93870592 0.62067831
1 0.54011047
>
0.8751623 0.57844627
0.93870592 0.62067837
>
0.80785531 0.54304504
0.82940811 0.62917161
>
0.78923935 0.62046283
0.82940811 0.62917125
>
0.78923935 0.62046289
0.7947306 0.56662178
>
0.93770498 0.5215562
1 0.53176314
>
0 0.38885161
0.073977351 0.39818871
>
0 0.26792434
0 0.26792434
>
0.86539906 0.54864454
0.8751623 0.57844615
>
0.7947306 0.56662095
0.80785531 0.54304397
>
0.80785531 0.54304409
0.81023961 0.53254771
>
0.81023961 0.53254759
0.86539906 0.54864484
>
0.7981261 0.51567817
0.81023961 0.53254759
>
0.86539906 0.54864478
0.93770498 0.52155614
>
0.64197981 0.53421515
0.78763223 0.48639664
>
0.63916755 0.45894051
0.64197981 0.53421402
>
0.78763223 0.48639631
0.7981261 0.51567817
>
0.25968611 0.50401437
0.28075904 0.5055598
>
0.21509664 0.46930861
0.25968611 0.50401437
>
0.13127208 0.50478399
0.14141098 0.48756137
>
0.93455034 0.51613271
0.93770498 0.52155626
>
0.28075904 0.50555986
0.34300309 0.42537862
>
0.78763223 0.48639679
0.78772146 0.48457146
>
0.14141098 0.48756143
0.21509664 0.46930861
>
0.073977351 0.39818862
0.14141098 0.48756146
>
0.78772146 0.48457325
0.79756981 0.47108424
>
0.68819439 0.41080502
0.78772146 0.48457327
>
0.92364949 0.44086218
0.93455034 0.51613235
>
0.88706195 0.46154058
0.93455034 0.51613271
>
0.21509664 0.46930861
0.23269585 0.38366556
>
0.44912201 0.46512055
0.45099208 0.45712674
>
0.45099208 0.45712692
0.48445433 0.43033484
>
0.37974325 0.41379553
0.45099208 0.45712692
>
0.79756981 0.47108427
0.88706195 0.46154058
>
0.79756981 0.47108436
0.84061521 0.34015751
>
1 0.28248969
1 0.28248969
>
0.92364949 0.44086277
1 0.38586617
>
0.8805899 0.17014021
1 0.23310214
>
0.86451823 0.34094596
1 0.31550005
>
0.48445433 0.43033481
0.49290714 0.43113446
>
0.48195928 0.34560204
0.48445433 0.430336
>
0.49290714 0.43113446
0.53963131 0.46198374
>
0.49290714 0.43113443
0.59979522 0.3838661
>
0.63916755 0.45893943
0.65197861 0.42452931
>
0.53963131 0.46198377
0.63916755 0.45893952
>
0.65197861 0.42452937
0.68819439 0.41080499
>
0.59979522 0.38386607
0.65197861 0.42452937
>
0.88706195 0.46154058
0.89826816 0.44108284
>
0.68819439 0.41080499
0.72734153 0.31221807
>
0.073977351 0.39818871
0.1500811 0.31975341
>
0.36376235 0.34425104
0.37974325 0.41379559
>
0.34300309 0.42537862
0.37974325 0.41379556
>
0.26438242 0.37652129
0.34300309 0.42537862
>
0.89826816 0.44108275
0.92364949 0.44086275
>
0.86451823 0.34094596
0.89826816 0.44108248
>
0.23269585 0.38366532
0.23926315 0.37984592
>
0.1500811 0.31975344
0.23269585 0.38366535
>
0.23926315 0.37984592
0.26438242 0.37652129
>
0.23926315 0.37984598
0.25612488 0.30923271
>
0.84061521 0.34015754
0.86451823 0.34094596
>
0.77683824 0.28746665
0.84061521 0.34015757
>
0.59918571 0.37174797
0.59979522 0.38386631
>
0.26438242 0.37652129
0.34201732 0.32817557
>
0.59918571 0.37174881
0.66655838 0.29755962
>
0.5834673 0.34607249
0.59918571 0.37174869
>
0.48195928 0.34560269
0.4905518 0.33327669
>
0.42274749 0.32257962
0.48195928 0.34560272
>
0.72734153 0.3122181
0.77683824 0.28746665
>
0.66655838 0.29755965
0.72734153 0.31221807
>
0.36376235 0.34425098
0.42274749 0.32257965
>
0.34201732 0.3281756
0.36376235 0.34425098
>
0.77683824 0.28746605
0.77721733 0.2776413
>
0.14859952 0.30142367
0.1500811 0.31975353
>
0.4905518 0.33327675
0.5834673 0.34607255
>
0.4905518 0.33327675
0.4956311 0.3179214
>
0.33865973 0.3123666
0.34201732 0.32817554
>
0.77721733 0.27764249
0.8805899 0.17014027
>
0.6949299 0.11618006
0.77721733 0.27764237
>
0.58263153 0.32245636
0.5834673 0.34607315
>
0 0.27860183
0.094984621 0.27688897
>
0 0.25277728
0.055141784 0.18772215
>
0.14859952 0.30142349
0.1566671 0.28832626
>
0.094984621 0.276889
0.14859952 0.30142349
>
0.4956311 0.31792128
0.56311512 0.30013302
>
0.49265289 0.2316761
0.4956311 0.31792164
>
0.33865973 0.31236684
0.40024507 0.22054678
>
0.30567247 0.28508875
0.33865973 0.31236684
>
0.40800637 0.22136045
0.42274749 0.32257962
>
0.1566671 0.28832626
0.2117632 0.24241708
>
0.12592314 0.20944922
0.1566671 0.28832626
>
0.63734627 0.27485955
0.66655838 0.29755968
>
0.58263153 0.32245535
0.63734627 0.27485943
>
0.56311512 0.30013302
0.58263153 0.32245532
>
0.25612488 0.30923298
0.30094174 0.28445172
>
0.2117632 0.24241704
0.25612488 0.30923298
>
0.61505687 0.23955476
0.63734627 0.27485949
>
0.56311512 0.30013299
0.5763042 0.24088192
>
0.30567247 0.28508866
0.32448852 0.21096575
>
0.30094174 0.28445175
0.30567247 0.28508875
>
0.087714784 0.21233463
0.094984621 0.27688897
>
0.22669379 0.21699385
0.30094174 0.28445175
>
0.2117632 0.24241707
0.22669379 0.21699387
>
0.49265289 0.23167646
0.54651839 0.22853309
>
0.46160024 0.20678528
0.49265289 0.23167644
>
0.61505687 0.239555
0.66532636 0.14892423
>
0.5763042 0.24088179
0.61505687 0.23955494
>
0.40800637 0.22136045
0.46160024 0.20678519
>
0.40024507 0.22054677
0.40800637 0.22136045
>
0.38283747 0.20932885
0.40024507 0.22054675
>
0.54651839 0.22853309
0.5763042 0.24088177
>
0.22669379 0.21699381
0.23689857 0.17106044
>
0.46160024 0.2067852
0.47071502 0.16483378
>
0.54651839 0.22853315
0.56032819 0.18076324
>
0.36757669 0.14796543
0.38283747 0.20932889
>
0.32448852 0.21096587
0.38283747 0.20932886
>
0.23689857 0.17106041
0.32448852 0.2109659
>
0.2272847 0.1382395
0.23689857 0.17106038
>
0.86305338 0.11611629
0.8805899 0.17014003
>
0.2272847 0.13823947
0.27993938 0.12844859
>
0.19232167 0.097507164
0.2272847 0.13823949
>
0.087714784 0.21233495
0.12592314 0.20944911
>
0.055141784 0.18772212
0.087714784 0.21233496
>
0.6949299 0.11617994
0.69773304 0.091011047
>
0.66532636 0.14892441
0.6949299 0.11618018
>
0.055141784 0.18772209
0.069158696 0
>
0.59940016 0.16289073
0.66532636 0.14892444
>
0.12592314 0.20944911
0.19232167 0.097507179
>
0.47071502 0.16483343
0.51905596 0.10613149
>
0.39223376 0.088224679
0.47071502 0.16483343
>
0.69773304 0.091010727
0.86305338 0.11611611
>
0.69691378 0.089020252
0.69773304 0.09101069
>
0.69691378 0.089020729
0.70358354 0
>
0.54856777 0.086198524
0.69691378 0.089020319
>
0.14001049 0
0.19232167 0.097507209
>
0.56032819 0.18076327
0.59940016 0.16289073
>
0.54353154 0.1417768
0.56032819 0.18076336
>
0.86305338 0.11611605
0.89944118 0.063654542
>
0.54353154 0.14177677
0.59940016 0.16289073
>
0.27993938 0.12844859
0.36757669 0.14796528
>
0.27993938 0.12844858
0.38779831 0.060091019
>
0.36757669 0.14796525
0.39223376 0.088224649
>
0.51905596 0.10613149
0.54353154 0.14177674
>
0.51905596 0.10613155
0.52169704 0.098865151
>
0.52169704 0.098865256
0.54856777 0.086198479
>
0.41494745 0
0.52169704 0.098865271
>
0.38779831 0.060091019
0.39223376 0.088224649
>
0.895289 0
0.89944118 0.063653946
>
0.38779831 0.060091019
0.39879557 0
>
