3510   3.585
3520   5.144
3530   6.370
3540   7.424
3550   8.369
3560   9.236
3570   10.044
3580   10.806
3590   11.532
3600   12.226
3610   12.894
3620   13.540
3630   14.166
3640   14.776
3650   15.371
3660   15.954
3670   16.524
3680   17.085
3690   17.636
3700   18.180
3710   18.716
3720   19.246
3730   19.771
3740   20.290
3750   20.805
3760   21.317
3770   21.825
3780   22.331
3790   22.834
3800   23.336
3810   23.837
3820   24.337
3830   24.836
3840   25.336
3850   25.836
3860   26.337
3870   26.839
3880   27.343
3890   27.850
3900   28.358
3910   28.870
3920   29.385
3930   29.904
3940   30.427
3950   30.955
3960   31.488
3970   32.028
3980   32.573
3990   33.125
4000   33.685
4010   34.253
4020   34.830
4030   35.416
4040   36.012
4050   36.619
4060   37.238
4070   37.870
4080   38.515
4090   39.176
4100   39.852
4110   40.545
4120   41.256
4130   41.988
4140   42.741
4150   43.517
4160   44.319
4170   45.147
4180   46.005
4190   46.896
4200   47.821
4210   48.785
4220   49.791
4230   50.843
4240   51.945
4250   53.103
4260   54.324
4270   55.613
4280   56.979
4290   58.432
4300   59.982
4310   61.642
4320   63.429
4330   65.359
4340   67.457
4350   69.750
4360   72.272
4370   75.068
4380   78.195
4390   81.726
4400   85.761
4410   90.437
4420   95.950
4430   102.592
4440   110.817
4450   121.383
4460   135.682
4470   156.619
4480   191.730
4490   270.986
