3510   1.164
3520   1.652
3530   2.027
3540   2.344
3550   2.624
3560   2.877
3570   3.110
3580   3.326
3590   3.529
3600   3.721
3610   3.904
3620   4.078
3630   4.245
3640   4.406
3650   4.561
3660   4.711
3670   4.856
3680   4.996
3690   5.133
3700   5.266
3710   5.396
3720   5.522
3730   5.646
3740   5.767
3750   5.885
3760   6.001
3770   6.115
3780   6.226
3790   6.336
3800   6.444
3810   6.550
3820   6.654
3830   6.757
3840   6.858
3850   6.958
3860   7.056
3870   7.154
3880   7.250
3890   7.345
3900   7.438
3910   7.531
3920   7.623
3930   7.714
3940   7.804
3950   7.893
3960   7.982
3970   8.070
3980   8.157
3990   8.243
4000   8.329
4010   8.415
4020   8.500
4030   8.584
4040   8.668
4050   8.752
4060   8.835
4070   8.918
4080   9.001
4090   9.084
4100   9.166
4110   9.249
4120   9.331
4130   9.414
4140   9.496
4150   9.578
4160   9.661
4170   9.744
4180   9.827
4190   9.910
4200   9.994
4210   10.078
4220   10.163
4230   10.249
4240   10.335
4250   10.422
4260   10.509
4270   10.598
4280   10.688
4290   10.779
4300   10.872
4310   10.966
4320   11.062
4330   11.159
4340   11.260
4350   11.362
4360   11.467
4370   11.576
4380   11.688
4390   11.804
4400   11.926
4410   12.052
4420   12.186
4430   12.328
4440   12.480
4450   12.645
4460   12.828
4470   13.034
4480   13.280
4490   13.599
