3510   0.695
3520   0.984
3530   1.205
3540   1.392
3550   1.556
3560   1.704
3570   1.840
3580   1.966
3590   2.084
3600   2.195
3610   2.300
3620   2.401
3630   2.497
3640   2.589
3650   2.678
3660   2.763
3670   2.846
3680   2.926
3690   3.003
3700   3.079
3710   3.152
3720   3.223
3730   3.293
3740   3.361
3750   3.427
3760   3.492
3770   3.555
3780   3.617
3790   3.678
3800   3.738
3810   3.796
3820   3.854
3830   3.910
3840   3.966
3850   4.020
3860   4.074
3870   4.127
3880   4.179
3890   4.230
3900   4.281
3910   4.330
3920   4.380
3930   4.428
3940   4.476
3950   4.523
3960   4.570
3970   4.616
3980   4.662
3990   4.707
4000   4.752
4010   4.797
4020   4.841
4030   4.884
4040   4.927
4050   4.970
4060   5.012
4070   5.054
4080   5.096
4090   5.138
4100   5.179
4110   5.220
4120   5.261
4130   5.301
4140   5.341
4150   5.381
4160   5.421
4170   5.461
4180   5.501
4190   5.541
4200   5.580
4210   5.620
4220   5.659
4230   5.699
4240   5.738
4250   5.778
4260   5.817
4270   5.857
4280   5.897
4290   5.937
4300   5.978
4310   6.018
4320   6.059
4330   6.101
4340   6.142
4350   6.185
4360   6.228
4370   6.271
4380   6.316
4390   6.362
4400   6.408
4410   6.456
4420   6.506
4430   6.558
4440   6.612
4450   6.670
4460   6.732
4470   6.800
4480   6.878
4490   6.974
